   0.00000000e+00	   6.00000000e-03	   6.00000000e-03
   1.00000000e-02	   4.02714271e-03	   4.02714271e-03
   2.00000000e-02	   2.79596315e-03	   2.79596315e-03
   3.00000000e-02	   2.00084790e-03	   2.00084790e-03
   4.00000000e-02	   1.46685134e-03	   1.46685134e-03
   5.00000000e-02	   1.09372512e-03	   1.09372512e-03
   6.00000000e-02	   8.23626549e-04	   8.23626549e-04
   7.00000000e-02	   6.22647394e-04	   6.22647394e-04
   8.00000000e-02	   4.70324142e-04	   4.70324142e-04
   9.00000000e-02	   3.53749525e-04	   3.53749525e-04
   1.00000000e-01	   2.64324339e-04	   2.64324339e-04
   1.10000000e-01	   1.95960411e-04	   1.95960411e-04
   1.20000000e-01	   1.44109622e-04	   1.44109622e-04
   1.30000000e-01	   1.05224994e-04	   1.05224994e-04
   1.40000000e-01	   7.64784055e-05	   7.64784055e-05
   1.50000000e-01	   5.55918463e-05	   5.55918463e-05
   1.60000000e-01	   4.07269440e-05	   4.07269440e-05
   1.70000000e-01	   3.04064431e-05	   3.04064431e-05
   1.80000000e-01	   2.34568337e-05	   2.34568337e-05
   1.90000000e-01	   1.89606110e-05	   1.89606110e-05
   2.00000000e-01	   1.62103683e-05	   1.62103683e-05
   2.10000000e-01	   1.46680858e-05	   1.46680858e-05
   2.20000000e-01	   1.39323052e-05	   1.39323052e-05
   2.30000000e-01	   1.37106601e-05	   1.37106601e-05
   2.40000000e-01	   1.37957797e-05	   1.37957797e-05
   2.50000000e-01	   1.40444757e-05	   1.40444757e-05
   2.60000000e-01	   1.43609651e-05	   1.43609651e-05
   2.70000000e-01	   1.46840688e-05	   1.46840688e-05
   2.80000000e-01	   1.49775825e-05	   1.49775825e-05
   2.90000000e-01	   1.52225900e-05	   1.52225900e-05
   3.00000000e-01	   1.54118480e-05	   1.54118480e-05
   3.10000000e-01	   1.55458823e-05	   1.55458823e-05
   3.20000000e-01	   1.56283519e-05	   1.56283519e-05
   3.30000000e-01	   1.56657151e-05	   1.56657151e-05
   3.40000000e-01	   1.56639101e-05	   1.56639101e-05
   3.50000000e-01	   1.56296807e-05	   1.56296807e-05
   3.60000000e-01	   1.55698074e-05	   1.55698074e-05
   3.70000000e-01	   1.54898815e-05	   1.54898815e-05
   3.80000000e-01	   1.53953008e-05	   1.53953008e-05
   3.90000000e-01	   1.52903710e-05	   1.52903710e-05
   4.00000000e-01	   1.51783591e-05	   1.51783591e-05
   4.10000000e-01	   1.50614015e-05	   1.50614015e-05
   4.20000000e-01	   1.49423179e-05	   1.49423179e-05
   4.30000000e-01	   1.48214696e-05	   1.48214696e-05
   4.40000000e-01	   1.46991589e-05	   1.46991589e-05
   4.50000000e-01	   1.45771816e-05	   1.45771816e-05
   4.60000000e-01	   1.44549931e-05	   1.44549931e-05
   4.70000000e-01	   1.43329083e-05	   1.43329083e-05
   4.80000000e-01	   1.42115956e-05	   1.42115956e-05
   4.90000000e-01	   1.40914650e-05	   1.40914650e-05
   5.00000000e-01	   1.39723836e-05	   1.39723836e-05
   5.10000000e-01	   1.38547964e-05	   1.38547964e-05
   5.20000000e-01	   1.37393096e-05	   1.37393096e-05
   5.30000000e-01	   1.36252241e-05	   1.36252241e-05
   5.40000000e-01	   1.35128589e-05	   1.35128589e-05
   5.50000000e-01	   1.34020842e-05	   1.34020842e-05
   5.60000000e-01	   1.32926040e-05	   1.32926040e-05
   5.70000000e-01	   1.31840379e-05	   1.31840379e-05
   5.80000000e-01	   1.30762915e-05	   1.30762915e-05
   5.90000000e-01	   1.29692795e-05	   1.29692795e-05
   6.00000000e-01	   1.28627401e-05	   1.28627401e-05
   6.10000000e-01	   1.27572023e-05	   1.27572023e-05
   6.20000000e-01	   1.26523018e-05	   1.26523018e-05
   6.30000000e-01	   1.25479982e-05	   1.25479982e-05
   6.40000000e-01	   1.24442937e-05	   1.24442937e-05
   6.50000000e-01	   1.23413802e-05	   1.23413802e-05
   6.60000000e-01	   1.22392477e-05	   1.22392477e-05
   6.70000000e-01	   1.21379866e-05	   1.21379866e-05
   6.80000000e-01	   1.20376440e-05	   1.20376440e-05
   6.90000000e-01	   1.19381186e-05	   1.19381186e-05
   7.00000000e-01	   1.18395719e-05	   1.18395719e-05
   7.10000000e-01	   1.17420785e-05	   1.17420785e-05
   7.20000000e-01	   1.16455740e-05	   1.16455740e-05
   7.30000000e-01	   1.15498844e-05	   1.15498844e-05
   7.40000000e-01	   1.14550977e-05	   1.14550977e-05
   7.50000000e-01	   1.13611820e-05	   1.13611820e-05
   7.60000000e-01	   1.12680851e-05	   1.12680851e-05
   7.70000000e-01	   1.11757478e-05	   1.11757478e-05
   7.80000000e-01	   1.10841114e-05	   1.10841114e-05
   7.90000000e-01	   1.09931039e-05	   1.09931039e-05
   8.00000000e-01	   1.09028075e-05	   1.09028075e-05
   8.10000000e-01	   1.08131980e-05	   1.08131980e-05
   8.20000000e-01	   1.07242181e-05	   1.07242181e-05
   8.30000000e-01	   1.06358449e-05	   1.06358449e-05
   8.40000000e-01	   1.05484114e-05	   1.05484114e-05
   8.50000000e-01	   1.04616970e-05	   1.04616970e-05
   8.60000000e-01	   1.03756623e-05	   1.03756623e-05
   8.70000000e-01	   1.02902971e-05	   1.02902971e-05
   8.80000000e-01	   1.02055912e-05	   1.02055912e-05
   8.90000000e-01	   1.01215347e-05	   1.01215347e-05
   9.00000000e-01	   1.00381178e-05	   1.00381178e-05
   9.10000000e-01	   9.95534109e-06	   9.95534109e-06
   9.20000000e-01	   9.87330671e-06	   9.87330671e-06
   9.30000000e-01	   9.79192819e-06	   9.79192819e-06
   9.40000000e-01	   9.71120072e-06	   9.71120072e-06
   9.50000000e-01	   9.63111955e-06	   9.63111955e-06
   9.60000000e-01	   9.55167997e-06	   9.55167997e-06
   9.70000000e-01	   9.47287732e-06	   9.47287732e-06
   9.80000000e-01	   9.39470702e-06	   9.39470702e-06
   9.90000000e-01	   9.31718419e-06	   9.31718419e-06
   1.00000000e+00	   9.24035474e-06	   9.24035474e-06
   1.01000000e+00	   9.16417298e-06	   9.16417298e-06
   1.02000000e+00	   9.08863708e-06	   9.08863708e-06
   1.03000000e+00	   9.01374517e-06	   9.01374517e-06
   1.04000000e+00	   8.93949532e-06	   8.93949532e-06
   1.05000000e+00	   8.86588556e-06	   8.86588556e-06
   1.06000000e+00	   8.79291389e-06	   8.79291389e-06
   1.07000000e+00	   8.72054894e-06	   8.72054894e-06
   1.08000000e+00	   8.64876466e-06	   8.64876466e-06
   1.09000000e+00	   8.57758604e-06	   8.57758604e-06
   1.10000000e+00	   8.50700837e-06	   8.50700837e-06
   1.11000000e+00	   8.43702701e-06	   8.43702701e-06
   1.12000000e+00	   8.36763729e-06	   8.36763729e-06
   1.13000000e+00	   8.29883456e-06	   8.29883456e-06
   1.14000000e+00	   8.23061420e-06	   8.23061420e-06
   1.15000000e+00	   8.16294219e-06	   8.16294219e-06
   1.16000000e+00	   8.09581246e-06	   8.09581246e-06
   1.17000000e+00	   8.02923329e-06	   8.02923329e-06
   1.18000000e+00	   7.96319858e-06	   7.96319858e-06
   1.19000000e+00	   7.89770228e-06	   7.89770228e-06
   1.20000000e+00	   7.83273842e-06	   7.83273842e-06
   1.21000000e+00	   7.76830110e-06	   7.76830110e-06
   1.22000000e+00	   7.70438449e-06	   7.70438449e-06
   1.23000000e+00	   7.64102151e-06	   7.64102151e-06
   1.24000000e+00	   7.57818437e-06	   7.57818437e-06
   1.25000000e+00	   7.51585937e-06	   7.51585937e-06
   1.26000000e+00	   7.45404130e-06	   7.45404130e-06
   1.27000000e+00	   7.39272497e-06	   7.39272497e-06
   1.28000000e+00	   7.33190528e-06	   7.33190528e-06
   1.29000000e+00	   7.27157716e-06	   7.27157716e-06
   1.30000000e+00	   7.21173561e-06	   7.21173561e-06
   1.31000000e+00	   7.15237567e-06	   7.15237567e-06
   1.32000000e+00	   7.09349242e-06	   7.09349242e-06
   1.33000000e+00	   7.03508102e-06	   7.03508102e-06
   1.34000000e+00	   6.97713665e-06	   6.97713665e-06
   1.35000000e+00	   6.91965456e-06	   6.91965456e-06
   1.36000000e+00	   6.86263004e-06	   6.86263004e-06
   1.37000000e+00	   6.80605844e-06	   6.80605844e-06
   1.38000000e+00	   6.74994286e-06	   6.74994286e-06
   1.39000000e+00	   6.69439564e-06	   6.69439564e-06
   1.40000000e+00	   6.63931036e-06	   6.63931036e-06
   1.41000000e+00	   6.58468359e-06	   6.58468359e-06
   1.42000000e+00	   6.53051195e-06	   6.53051195e-06
   1.43000000e+00	   6.47679205e-06	   6.47679205e-06
   1.44000000e+00	   6.42352055e-06	   6.42352055e-06
   1.45000000e+00	   6.37069409e-06	   6.37069409e-06
   1.46000000e+00	   6.31830937e-06	   6.31830937e-06
   1.47000000e+00	   6.26636309e-06	   6.26636309e-06
   1.48000000e+00	   6.21485197e-06	   6.21485197e-06
   1.49000000e+00	   6.16377275e-06	   6.16377275e-06
   1.50000000e+00	   6.11312218e-06	   6.11312218e-06
   1.51000000e+00	   6.06289707e-06	   6.06289707e-06
   1.52000000e+00	   6.01309419e-06	   6.01309419e-06
   1.53000000e+00	   5.96371037e-06	   5.96371037e-06
   1.54000000e+00	   5.91471088e-06	   5.91471088e-06
   1.55000000e+00	   5.86604541e-06	   5.86604541e-06
   1.56000000e+00	   5.81777130e-06	   5.81777130e-06
   1.57000000e+00	   5.76988465e-06	   5.76988465e-06
   1.58000000e+00	   5.72238157e-06	   5.72238157e-06
   1.59000000e+00	   5.67525823e-06	   5.67525823e-06
   1.60000000e+00	   5.62851083e-06	   5.62851083e-06
   1.61000000e+00	   5.58213562e-06	   5.58213562e-06
   1.62000000e+00	   5.53612889e-06	   5.53612889e-06
   1.63000000e+00	   5.49048695e-06	   5.49048695e-06
   1.64000000e+00	   5.44520617e-06	   5.44520617e-06
   1.65000000e+00	   5.40028294e-06	   5.40028294e-06
   1.66000000e+00	   5.35571371e-06	   5.35571371e-06
   1.67000000e+00	   5.31149494e-06	   5.31149494e-06
   1.68000000e+00	   5.26762315e-06	   5.26762315e-06
   1.69000000e+00	   5.22409489e-06	   5.22409489e-06
   1.70000000e+00	   5.18098115e-06	   5.18098115e-06
   1.71000000e+00	   5.13827669e-06	   5.13827669e-06
   1.72000000e+00	   5.09592902e-06	   5.09592902e-06
   1.73000000e+00	   5.05393580e-06	   5.05393580e-06
   1.74000000e+00	   5.01229468e-06	   5.01229468e-06
   1.75000000e+00	   4.97100335e-06	   4.97100335e-06
   1.76000000e+00	   4.93005948e-06	   4.93005948e-06
   1.77000000e+00	   4.88946075e-06	   4.88946075e-06
   1.78000000e+00	   4.84920485e-06	   4.84920485e-06
   1.79000000e+00	   4.80928945e-06	   4.80928945e-06
   1.80000000e+00	   4.76971226e-06	   4.76971226e-06
   1.81000000e+00	   4.73047097e-06	   4.73047097e-06
   1.82000000e+00	   4.69156328e-06	   4.69156328e-06
   1.83000000e+00	   4.65298691e-06	   4.65298691e-06
   1.84000000e+00	   4.61473956e-06	   4.61473956e-06
   1.85000000e+00	   4.57681895e-06	   4.57681895e-06
   1.86000000e+00	   4.53915917e-06	   4.53915917e-06
   1.87000000e+00	   4.50179682e-06	   4.50179682e-06
   1.88000000e+00	   4.46474093e-06	   4.46474093e-06
   1.89000000e+00	   4.42798872e-06	   4.42798872e-06
   1.90000000e+00	   4.39153745e-06	   4.39153745e-06
   1.91000000e+00	   4.35538439e-06	   4.35538439e-06
   1.92000000e+00	   4.31952686e-06	   4.31952686e-06
   1.93000000e+00	   4.28396219e-06	   4.28396219e-06
   1.94000000e+00	   4.24868773e-06	   4.24868773e-06
   1.95000000e+00	   4.21370087e-06	   4.21370087e-06
   1.96000000e+00	   4.17899902e-06	   4.17899902e-06
   1.97000000e+00	   4.14457961e-06	   4.14457961e-06
   1.98000000e+00	   4.11044010e-06	   4.11044010e-06
   1.99000000e+00	   4.07657798e-06	   4.07657798e-06
   2.00000000e+00	   4.04299074e-06	   4.04299074e-06
   2.01000000e+00	   4.00967830e-06	   4.00967830e-06
   2.02000000e+00	   3.97666264e-06	   3.97666264e-06
   2.03000000e+00	   3.94391825e-06	   3.94391825e-06
   2.04000000e+00	   3.91144284e-06	   3.91144284e-06
   2.05000000e+00	   3.87923410e-06	   3.87923410e-06
   2.06000000e+00	   3.84728977e-06	   3.84728977e-06
   2.07000000e+00	   3.81560760e-06	   3.81560760e-06
   2.08000000e+00	   3.78418535e-06	   3.78418535e-06
   2.09000000e+00	   3.75302079e-06	   3.75302079e-06
   2.10000000e+00	   3.72211172e-06	   3.72211172e-06
   2.11000000e+00	   3.69145595e-06	   3.69145595e-06
   2.12000000e+00	   3.66105132e-06	   3.66105132e-06
   2.13000000e+00	   3.63089567e-06	   3.63089567e-06
   2.14000000e+00	   3.60098686e-06	   3.60098686e-06
   2.15000000e+00	   3.57132276e-06	   3.57132276e-06
   2.16000000e+00	   3.54190128e-06	   3.54190128e-06
   2.17000000e+00	   3.51272032e-06	   3.51272032e-06
   2.18000000e+00	   3.48377781e-06	   3.48377781e-06
   2.19000000e+00	   3.45507170e-06	   3.45507170e-06
   2.20000000e+00	   3.42659993e-06	   3.42659993e-06
   2.21000000e+00	   3.39837701e-06	   3.39837701e-06
   2.22000000e+00	   3.37041825e-06	   3.37041825e-06
   2.23000000e+00	   3.34269449e-06	   3.34269449e-06
   2.24000000e+00	   3.31520399e-06	   3.31520399e-06
   2.25000000e+00	   3.28794502e-06	   3.28794502e-06
   2.26000000e+00	   3.26091584e-06	   3.26091584e-06
   2.27000000e+00	   3.23411474e-06	   3.23411474e-06
   2.28000000e+00	   3.20754002e-06	   3.20754002e-06
   2.29000000e+00	   3.18118997e-06	   3.18118997e-06
   2.30000000e+00	   3.15506291e-06	   3.15506291e-06
   2.31000000e+00	   3.12915716e-06	   3.12915716e-06
   2.32000000e+00	   3.10347106e-06	   3.10347106e-06
   2.33000000e+00	   3.07800293e-06	   3.07800293e-06
   2.34000000e+00	   3.05275114e-06	   3.05275114e-06
   2.35000000e+00	   3.02771404e-06	   3.02771404e-06
   2.36000000e+00	   3.00289001e-06	   3.00289001e-06
   2.37000000e+00	   2.97827741e-06	   2.97827741e-06
   2.38000000e+00	   2.95387464e-06	   2.95387464e-06
   2.39000000e+00	   2.92968009e-06	   2.92968009e-06
   2.40000000e+00	   2.90569217e-06	   2.90569217e-06
   2.41000000e+00	   2.88184764e-06	   2.88184764e-06
   2.42000000e+00	   2.85815960e-06	   2.85815960e-06
   2.43000000e+00	   2.83465956e-06	   2.83465956e-06
   2.44000000e+00	   2.81134551e-06	   2.81134551e-06
   2.45000000e+00	   2.78821546e-06	   2.78821546e-06
   2.46000000e+00	   2.76526745e-06	   2.76526745e-06
   2.47000000e+00	   2.74249952e-06	   2.74249952e-06
   2.48000000e+00	   2.71990975e-06	   2.71990975e-06
   2.49000000e+00	   2.69749624e-06	   2.69749624e-06
   2.50000000e+00	   2.67525710e-06	   2.67525710e-06
   2.51000000e+00	   2.65319047e-06	   2.65319047e-06
   2.52000000e+00	   2.63129451e-06	   2.63129451e-06
   2.53000000e+00	   2.60956740e-06	   2.60956740e-06
   2.54000000e+00	   2.58800734e-06	   2.58800734e-06
   2.55000000e+00	   2.56661254e-06	   2.56661254e-06
   2.56000000e+00	   2.54538125e-06	   2.54538125e-06
   2.57000000e+00	   2.52431172e-06	   2.52431172e-06
   2.58000000e+00	   2.50340222e-06	   2.50340222e-06
   2.59000000e+00	   2.48265107e-06	   2.48265107e-06
   2.60000000e+00	   2.46205655e-06	   2.46205655e-06
   2.61000000e+00	   2.44172670e-06	   2.44172670e-06
   2.62000000e+00	   2.42157764e-06	   2.42157764e-06
   2.63000000e+00	   2.40159738e-06	   2.40159738e-06
   2.64000000e+00	   2.38178485e-06	   2.38178485e-06
   2.65000000e+00	   2.36213899e-06	   2.36213899e-06
   2.66000000e+00	   2.34265873e-06	   2.34265873e-06
   2.67000000e+00	   2.32334303e-06	   2.32334303e-06
   2.68000000e+00	   2.30419081e-06	   2.30419081e-06
   2.69000000e+00	   2.28520102e-06	   2.28520102e-06
   2.70000000e+00	   2.26637262e-06	   2.26637262e-06
   2.71000000e+00	   2.24770455e-06	   2.24770455e-06
   2.72000000e+00	   2.22919576e-06	   2.22919576e-06
   2.73000000e+00	   2.21084521e-06	   2.21084521e-06
   2.74000000e+00	   2.19265186e-06	   2.19265186e-06
   2.75000000e+00	   2.17461465e-06	   2.17461465e-06
   2.76000000e+00	   2.15673257e-06	   2.15673257e-06
   2.77000000e+00	   2.13900456e-06	   2.13900456e-06
   2.78000000e+00	   2.12142960e-06	   2.12142960e-06
   2.79000000e+00	   2.10400666e-06	   2.10400666e-06
   2.80000000e+00	   2.08672682e-06	   2.08672682e-06
   2.81000000e+00	   2.06955611e-06	   2.06955611e-06
   2.82000000e+00	   2.05252786e-06	   2.05252786e-06
   2.83000000e+00	   2.03564082e-06	   2.03564082e-06
   2.84000000e+00	   2.01889377e-06	   2.01889377e-06
   2.85000000e+00	   2.00228549e-06	   2.00228549e-06
   2.86000000e+00	   1.98581478e-06	   1.98581478e-06
   2.87000000e+00	   1.96948044e-06	   1.96948044e-06
   2.88000000e+00	   1.95328129e-06	   1.95328129e-06
   2.89000000e+00	   1.93721613e-06	   1.93721613e-06
   2.90000000e+00	   1.92128381e-06	   1.92128381e-06
   2.91000000e+00	   1.90548317e-06	   1.90548317e-06
   2.92000000e+00	   1.88981304e-06	   1.88981304e-06
   2.93000000e+00	   1.87427229e-06	   1.87427229e-06
   2.94000000e+00	   1.85885978e-06	   1.85885978e-06
   2.95000000e+00	   1.84357439e-06	   1.84357439e-06
   2.96000000e+00	   1.82841501e-06	   1.82841501e-06
   2.97000000e+00	   1.81338051e-06	   1.81338051e-06
   2.98000000e+00	   1.79846981e-06	   1.79846981e-06
   2.99000000e+00	   1.78368181e-06	   1.78368181e-06
   3.00000000e+00	   1.76901362e-06	   1.76901362e-06
   3.01000000e+00	   1.75446334e-06	   1.75446334e-06
   3.02000000e+00	   1.74003203e-06	   1.74003203e-06
   3.03000000e+00	   1.72571861e-06	   1.72571861e-06
   3.04000000e+00	   1.71152203e-06	   1.71152203e-06
   3.05000000e+00	   1.69744125e-06	   1.69744125e-06
   3.06000000e+00	   1.68347521e-06	   1.68347521e-06
   3.07000000e+00	   1.66962291e-06	   1.66962291e-06
   3.08000000e+00	   1.65588331e-06	   1.65588331e-06
   3.09000000e+00	   1.64225541e-06	   1.64225541e-06
   3.10000000e+00	   1.62873821e-06	   1.62873821e-06
   3.11000000e+00	   1.61533070e-06	   1.61533070e-06
   3.12000000e+00	   1.60203191e-06	   1.60203191e-06
   3.13000000e+00	   1.58884086e-06	   1.58884086e-06
   3.14000000e+00	   1.57575658e-06	   1.57575658e-06
   3.15000000e+00	   1.56277812e-06	   1.56277812e-06
   3.16000000e+00	   1.54990452e-06	   1.54990452e-06
   3.17000000e+00	   1.53713483e-06	   1.53713483e-06
   3.18000000e+00	   1.52446814e-06	   1.52446814e-06
   3.19000000e+00	   1.51190351e-06	   1.51190351e-06
   3.20000000e+00	   1.49945037e-06	   1.49945037e-06
   3.21000000e+00	   1.48710414e-06	   1.48710414e-06
   3.22000000e+00	   1.47485941e-06	   1.47485941e-06
   3.23000000e+00	   1.46271535e-06	   1.46271535e-06
   3.24000000e+00	   1.45067115e-06	   1.45067115e-06
   3.25000000e+00	   1.43872601e-06	   1.43872601e-06
   3.26000000e+00	   1.42687910e-06	   1.42687910e-06
   3.27000000e+00	   1.41512964e-06	   1.41512964e-06
   3.28000000e+00	   1.40347684e-06	   1.40347684e-06
   3.29000000e+00	   1.39191989e-06	   1.39191989e-06
   3.30000000e+00	   1.38045802e-06	   1.38045802e-06
   3.31000000e+00	   1.36909046e-06	   1.36909046e-06
   3.32000000e+00	   1.35781643e-06	   1.35781643e-06
   3.33000000e+00	   1.34663517e-06	   1.34663517e-06
   3.34000000e+00	   1.33554591e-06	   1.33554591e-06
   3.35000000e+00	   1.32454790e-06	   1.32454790e-06
   3.36000000e+00	   1.31364039e-06	   1.31364039e-06
   3.37000000e+00	   1.30282264e-06	   1.30282264e-06
   3.38000000e+00	   1.29209391e-06	   1.29209391e-06
   3.39000000e+00	   1.28145346e-06	   1.28145346e-06
   3.40000000e+00	   1.27090254e-06	   1.27090254e-06
   3.41000000e+00	   1.26043891e-06	   1.26043891e-06
   3.42000000e+00	   1.25006168e-06	   1.25006168e-06
   3.43000000e+00	   1.23977016e-06	   1.23977016e-06
   3.44000000e+00	   1.22956365e-06	   1.22956365e-06
   3.45000000e+00	   1.21944144e-06	   1.21944144e-06
   3.46000000e+00	   1.20940284e-06	   1.20940284e-06
   3.47000000e+00	   1.19944718e-06	   1.19944718e-06
   3.48000000e+00	   1.18957377e-06	   1.18957377e-06
   3.49000000e+00	   1.17978193e-06	   1.17978193e-06
   3.50000000e+00	   1.17007100e-06	   1.17007100e-06
   3.51000000e+00	   1.16044030e-06	   1.16044030e-06
   3.52000000e+00	   1.15088918e-06	   1.15088918e-06
   3.53000000e+00	   1.14141697e-06	   1.14141697e-06
   3.54000000e+00	   1.13202302e-06	   1.13202302e-06
   3.55000000e+00	   1.12270669e-06	   1.12270669e-06
   3.56000000e+00	   1.11346733e-06	   1.11346733e-06
   3.57000000e+00	   1.10430430e-06	   1.10430430e-06
   3.58000000e+00	   1.09521697e-06	   1.09521697e-06
   3.59000000e+00	   1.08620448e-06	   1.08620448e-06
   3.60000000e+00	   1.07726498e-06	   1.07726498e-06
   3.61000000e+00	   1.06839908e-06	   1.06839908e-06
   3.62000000e+00	   1.05960615e-06	   1.05960615e-06
   3.63000000e+00	   1.05088559e-06	   1.05088559e-06
   3.64000000e+00	   1.04223677e-06	   1.04223677e-06
   3.65000000e+00	   1.03365909e-06	   1.03365909e-06
   3.66000000e+00	   1.02515194e-06	   1.02515194e-06
   3.67000000e+00	   1.01671472e-06	   1.01671472e-06
   3.68000000e+00	   1.00834684e-06	   1.00834684e-06
   3.69000000e+00	   1.00004770e-06	   1.00004770e-06
   3.70000000e+00	   9.91816718e-07	   9.91816718e-07
   3.71000000e+00	   9.83653312e-07	   9.83653312e-07
   3.72000000e+00	   9.75556904e-07	   9.75556904e-07
   3.73000000e+00	   9.67526918e-07	   9.67526918e-07
   3.74000000e+00	   9.59562788e-07	   9.59562788e-07
   3.75000000e+00	   9.51663946e-07	   9.51663946e-07
   3.76000000e+00	   9.43829833e-07	   9.43829833e-07
   3.77000000e+00	   9.36059893e-07	   9.36059893e-07
   3.78000000e+00	   9.28353573e-07	   9.28353573e-07
   3.79000000e+00	   9.20711084e-07	   9.20711084e-07
   3.80000000e+00	   9.13132599e-07	   9.13132599e-07
   3.81000000e+00	   9.05616409e-07	   9.05616409e-07
   3.82000000e+00	   8.98161990e-07	   8.98161990e-07
   3.83000000e+00	   8.90768823e-07	   8.90768823e-07
   3.84000000e+00	   8.83436393e-07	   8.83436393e-07
   3.85000000e+00	   8.76164188e-07	   8.76164188e-07
   3.86000000e+00	   8.68951700e-07	   8.68951700e-07
   3.87000000e+00	   8.61798427e-07	   8.61798427e-07
   3.88000000e+00	   8.54703867e-07	   8.54703867e-07
   3.89000000e+00	   8.47667524e-07	   8.47667524e-07
   3.90000000e+00	   8.40688907e-07	   8.40688907e-07
   3.91000000e+00	   8.33767526e-07	   8.33767526e-07
   3.92000000e+00	   8.26902897e-07	   8.26902897e-07
   3.93000000e+00	   8.20094537e-07	   8.20094537e-07
   3.94000000e+00	   8.13341970e-07	   8.13341970e-07
   3.95000000e+00	   8.06644722e-07	   8.06644722e-07
   3.96000000e+00	   8.00002321e-07	   8.00002321e-07
   3.97000000e+00	   7.93414302e-07	   7.93414302e-07
   3.98000000e+00	   7.86880200e-07	   7.86880200e-07
   3.99000000e+00	   7.80400712e-07	   7.80400712e-07
   4.00000000e+00	   7.73975232e-07	   7.73975232e-07
   4.01000000e+00	   7.67602633e-07	   7.67602633e-07
   4.02000000e+00	   7.61282489e-07	   7.61282489e-07
   4.03000000e+00	   7.55014375e-07	   7.55014375e-07
   4.04000000e+00	   7.48797872e-07	   7.48797872e-07
   4.05000000e+00	   7.42632562e-07	   7.42632562e-07
   4.06000000e+00	   7.36518033e-07	   7.36518033e-07
   4.07000000e+00	   7.30453877e-07	   7.30453877e-07
   4.08000000e+00	   7.24439688e-07	   7.24439688e-07
   4.09000000e+00	   7.18475065e-07	   7.18475065e-07
   4.10000000e+00	   7.12559609e-07	   7.12559609e-07
   4.11000000e+00	   7.06692926e-07	   7.06692926e-07
   4.12000000e+00	   7.00874625e-07	   7.00874625e-07
   4.13000000e+00	   6.95104319e-07	   6.95104319e-07
   4.14000000e+00	   6.89381623e-07	   6.89381623e-07
   4.15000000e+00	   6.83706158e-07	   6.83706158e-07
   4.16000000e+00	   6.78077545e-07	   6.78077545e-07
   4.17000000e+00	   6.72495412e-07	   6.72495412e-07
   4.18000000e+00	   6.66959387e-07	   6.66959387e-07
   4.19000000e+00	   6.61469105e-07	   6.61469105e-07
   4.20000000e+00	   6.56024200e-07	   6.56024200e-07
   4.21000000e+00	   6.50624312e-07	   6.50624312e-07
   4.22000000e+00	   6.45269085e-07	   6.45269085e-07
   4.23000000e+00	   6.39958163e-07	   6.39958163e-07
   4.24000000e+00	   6.34691196e-07	   6.34691196e-07
   4.25000000e+00	   6.29466973e-07	   6.29466973e-07
   4.26000000e+00	   6.24285258e-07	   6.24285258e-07
   4.27000000e+00	   6.19146257e-07	   6.19146257e-07
   4.28000000e+00	   6.14049620e-07	   6.14049620e-07
   4.29000000e+00	   6.08995001e-07	   6.08995001e-07
   4.30000000e+00	   6.03982055e-07	   6.03982055e-07
   4.31000000e+00	   5.99010442e-07	   5.99010442e-07
   4.32000000e+00	   5.94079823e-07	   5.94079823e-07
   4.33000000e+00	   5.89189863e-07	   5.89189863e-07
   4.34000000e+00	   5.84340229e-07	   5.84340229e-07
   4.35000000e+00	   5.79530590e-07	   5.79530590e-07
   4.36000000e+00	   5.74760619e-07	   5.74760619e-07
   4.37000000e+00	   5.70029993e-07	   5.70029993e-07
   4.38000000e+00	   5.65338387e-07	   5.65338387e-07
   4.39000000e+00	   5.60685484e-07	   5.60685484e-07
   4.40000000e+00	   5.56070967e-07	   5.56070967e-07
   4.41000000e+00	   5.51494520e-07	   5.51494520e-07
   4.42000000e+00	   5.46955832e-07	   5.46955832e-07
   4.43000000e+00	   5.42454595e-07	   5.42454595e-07
   4.44000000e+00	   5.37990502e-07	   5.37990502e-07
   4.45000000e+00	   5.33563249e-07	   5.33563249e-07
   4.46000000e+00	   5.29172533e-07	   5.29172533e-07
   4.47000000e+00	   5.24818057e-07	   5.24818057e-07
   4.48000000e+00	   5.20499523e-07	   5.20499523e-07
   4.49000000e+00	   5.16216637e-07	   5.16216637e-07
   4.50000000e+00	   5.11969107e-07	   5.11969107e-07
   4.51000000e+00	   5.07756023e-07	   5.07756023e-07
   4.52000000e+00	   5.03577155e-07	   5.03577155e-07
   4.53000000e+00	   4.99432638e-07	   4.99432638e-07
   4.54000000e+00	   4.95322182e-07	   4.95322182e-07
   4.55000000e+00	   4.91245500e-07	   4.91245500e-07
   4.56000000e+00	   4.87202307e-07	   4.87202307e-07
   4.57000000e+00	   4.83192322e-07	   4.83192322e-07
   4.58000000e+00	   4.79215264e-07	   4.79215264e-07
   4.59000000e+00	   4.75270855e-07	   4.75270855e-07
   4.60000000e+00	   4.71358819e-07	   4.71358819e-07
   4.61000000e+00	   4.67478883e-07	   4.67478883e-07
   4.62000000e+00	   4.63630774e-07	   4.63630774e-07
   4.63000000e+00	   4.59814224e-07	   4.59814224e-07
   4.64000000e+00	   4.56028966e-07	   4.56028966e-07
   4.65000000e+00	   4.52274734e-07	   4.52274734e-07
   4.66000000e+00	   4.48551266e-07	   4.48551266e-07
   4.67000000e+00	   4.44858300e-07	   4.44858300e-07
   4.68000000e+00	   4.41195578e-07	   4.41195578e-07
   4.69000000e+00	   4.37562843e-07	   4.37562843e-07
   4.70000000e+00	   4.33959840e-07	   4.33959840e-07
   4.71000000e+00	   4.30386317e-07	   4.30386317e-07
   4.72000000e+00	   4.26842023e-07	   4.26842023e-07
   4.73000000e+00	   4.23326710e-07	   4.23326710e-07
   4.74000000e+00	   4.19840130e-07	   4.19840130e-07
   4.75000000e+00	   4.16382040e-07	   4.16382040e-07
   4.76000000e+00	   4.12952196e-07	   4.12952196e-07
   4.77000000e+00	   4.09550914e-07	   4.09550914e-07
   4.78000000e+00	   4.06177934e-07	   4.06177934e-07
   4.79000000e+00	   4.02832624e-07	   4.02832624e-07
   4.80000000e+00	   3.99514756e-07	   3.99514756e-07
   4.81000000e+00	   3.96224104e-07	   3.96224104e-07
   4.82000000e+00	   3.92960446e-07	   3.92960446e-07
   4.83000000e+00	   3.89723558e-07	   3.89723558e-07
   4.84000000e+00	   3.86513223e-07	   3.86513223e-07
   4.85000000e+00	   3.83329222e-07	   3.83329222e-07
   4.86000000e+00	   3.80171339e-07	   3.80171339e-07
   4.87000000e+00	   3.77039360e-07	   3.77039360e-07
   4.88000000e+00	   3.73933074e-07	   3.73933074e-07
   4.89000000e+00	   3.70852271e-07	   3.70852271e-07
   4.90000000e+00	   3.67796742e-07	   3.67796742e-07
   4.91000000e+00	   3.64766281e-07	   3.64766281e-07
   4.92000000e+00	   3.61760684e-07	   3.61760684e-07
   4.93000000e+00	   3.58779747e-07	   3.58779747e-07
   4.94000000e+00	   3.55823270e-07	   3.55823270e-07
   4.95000000e+00	   3.52891054e-07	   3.52891054e-07
   4.96000000e+00	   3.49982901e-07	   3.49982901e-07
   4.97000000e+00	   3.47098617e-07	   3.47098617e-07
   4.98000000e+00	   3.44238006e-07	   3.44238006e-07
   4.99000000e+00	   3.41400877e-07	   3.41400877e-07
   5.00000000e+00	   3.38587039e-07	   3.38587039e-07
   5.01000000e+00	   3.35796304e-07	   3.35796304e-07
   5.02000000e+00	   3.33028485e-07	   3.33028485e-07
   5.03000000e+00	   3.30283872e-07	   3.30283872e-07
   5.04000000e+00	   3.27562282e-07	   3.27562282e-07
   5.05000000e+00	   3.24863174e-07	   3.24863174e-07
   5.06000000e+00	   3.22186373e-07	   3.22186373e-07
   5.07000000e+00	   3.19531707e-07	   3.19531707e-07
   5.08000000e+00	   3.16899003e-07	   3.16899003e-07
   5.09000000e+00	   3.14288092e-07	   3.14288092e-07
   5.10000000e+00	   3.11698806e-07	   3.11698806e-07
   5.11000000e+00	   3.09130978e-07	   3.09130978e-07
   5.12000000e+00	   3.06584444e-07	   3.06584444e-07
   5.13000000e+00	   3.04059039e-07	   3.04059039e-07
   5.14000000e+00	   3.01554602e-07	   3.01554602e-07
   5.15000000e+00	   2.99070973e-07	   2.99070973e-07
   5.16000000e+00	   2.96607992e-07	   2.96607992e-07
   5.17000000e+00	   2.94165502e-07	   2.94165502e-07
   5.18000000e+00	   2.91743348e-07	   2.91743348e-07
   5.19000000e+00	   2.89341375e-07	   2.89341375e-07
   5.20000000e+00	   2.86959430e-07	   2.86959430e-07
   5.21000000e+00	   2.84597362e-07	   2.84597362e-07
   5.22000000e+00	   2.82255020e-07	   2.82255020e-07
   5.23000000e+00	   2.79932256e-07	   2.79932256e-07
   5.24000000e+00	   2.77628923e-07	   2.77628923e-07
   5.25000000e+00	   2.75344874e-07	   2.75344874e-07
   5.26000000e+00	   2.73079966e-07	   2.73079966e-07
   5.27000000e+00	   2.70834055e-07	   2.70834055e-07
   5.28000000e+00	   2.68606999e-07	   2.68606999e-07
   5.29000000e+00	   2.66397491e-07	   2.66397491e-07
   5.30000000e+00	   2.64205326e-07	   2.64205326e-07
   5.31000000e+00	   2.62031291e-07	   2.62031291e-07
   5.32000000e+00	   2.59875235e-07	   2.59875235e-07
   5.33000000e+00	   2.57737005e-07	   2.57737005e-07
   5.34000000e+00	   2.55616450e-07	   2.55616450e-07
   5.35000000e+00	   2.53513422e-07	   2.53513422e-07
   5.36000000e+00	   2.51427770e-07	   2.51427770e-07
   5.37000000e+00	   2.49359349e-07	   2.49359349e-07
   5.38000000e+00	   2.47308010e-07	   2.47308010e-07
   5.39000000e+00	   2.45273608e-07	   2.45273608e-07
   5.40000000e+00	   2.43255998e-07	   2.43255998e-07
   5.41000000e+00	   2.41255038e-07	   2.41255038e-07
   5.42000000e+00	   2.39270583e-07	   2.39270583e-07
   5.43000000e+00	   2.37302493e-07	   2.37302493e-07
   5.44000000e+00	   2.35350627e-07	   2.35350627e-07
   5.45000000e+00	   2.33414845e-07	   2.33414845e-07
   5.46000000e+00	   2.31495008e-07	   2.31495008e-07
   5.47000000e+00	   2.29590978e-07	   2.29590978e-07
   5.48000000e+00	   2.27702619e-07	   2.27702619e-07
   5.49000000e+00	   2.25829794e-07	   2.25829794e-07
   5.50000000e+00	   2.23972369e-07	   2.23972369e-07
   5.51000000e+00	   2.22130209e-07	   2.22130209e-07
   5.52000000e+00	   2.20303182e-07	   2.20303182e-07
   5.53000000e+00	   2.18491155e-07	   2.18491155e-07
   5.54000000e+00	   2.16693996e-07	   2.16693996e-07
   5.55000000e+00	   2.14911626e-07	   2.14911626e-07
   5.56000000e+00	   2.13143924e-07	   2.13143924e-07
   5.57000000e+00	   2.11390723e-07	   2.11390723e-07
   5.58000000e+00	   2.09651897e-07	   2.09651897e-07
   5.59000000e+00	   2.07927321e-07	   2.07927321e-07
   5.60000000e+00	   2.06216871e-07	   2.06216871e-07
   5.61000000e+00	   2.04520425e-07	   2.04520425e-07
   5.62000000e+00	   2.02837861e-07	   2.02837861e-07
   5.63000000e+00	   2.01169057e-07	   2.01169057e-07
   5.64000000e+00	   1.99513894e-07	   1.99513894e-07
   5.65000000e+00	   1.97872253e-07	   1.97872253e-07
   5.66000000e+00	   1.96244015e-07	   1.96244015e-07
   5.67000000e+00	   1.94629063e-07	   1.94629063e-07
   5.68000000e+00	   1.93027281e-07	   1.93027281e-07
   5.69000000e+00	   1.91438554e-07	   1.91438554e-07
   5.70000000e+00	   1.89862766e-07	   1.89862766e-07
   5.71000000e+00	   1.88299806e-07	   1.88299806e-07
   5.72000000e+00	   1.86749559e-07	   1.86749559e-07
   5.73000000e+00	   1.85211914e-07	   1.85211914e-07
   5.74000000e+00	   1.83686760e-07	   1.83686760e-07
   5.75000000e+00	   1.82173988e-07	   1.82173988e-07
   5.76000000e+00	   1.80673488e-07	   1.80673488e-07
   5.77000000e+00	   1.79185152e-07	   1.79185152e-07
   5.78000000e+00	   1.77708873e-07	   1.77708873e-07
   5.79000000e+00	   1.76244544e-07	   1.76244544e-07
   5.80000000e+00	   1.74792059e-07	   1.74792059e-07
   5.81000000e+00	   1.73351315e-07	   1.73351315e-07
   5.82000000e+00	   1.71923181e-07	   1.71923181e-07
   5.83000000e+00	   1.70507232e-07	   1.70507232e-07
   5.84000000e+00	   1.69102908e-07	   1.69102908e-07
   5.85000000e+00	   1.67710117e-07	   1.67710117e-07
   5.86000000e+00	   1.66328770e-07	   1.66328770e-07
   5.87000000e+00	   1.64958774e-07	   1.64958774e-07
   5.88000000e+00	   1.63600041e-07	   1.63600041e-07
   5.89000000e+00	   1.62252483e-07	   1.62252483e-07
   5.90000000e+00	   1.60916012e-07	   1.60916012e-07
   5.91000000e+00	   1.59590541e-07	   1.59590541e-07
   5.92000000e+00	   1.58275985e-07	   1.58275985e-07
   5.93000000e+00	   1.56972258e-07	   1.56972258e-07
   5.94000000e+00	   1.55679277e-07	   1.55679277e-07
   5.95000000e+00	   1.54396958e-07	   1.54396958e-07
   5.96000000e+00	   1.53125219e-07	   1.53125219e-07
   5.97000000e+00	   1.51863978e-07	   1.51863978e-07
   5.98000000e+00	   1.50613155e-07	   1.50613155e-07
   5.99000000e+00	   1.49372669e-07	   1.49372669e-07
   6.00000000e+00	   1.48142442e-07	   1.48142442e-07
   6.01000000e+00	   1.46922395e-07	   1.46922395e-07
   6.02000000e+00	   1.45712450e-07	   1.45712450e-07
   6.03000000e+00	   1.44512531e-07	   1.44512531e-07
   6.04000000e+00	   1.43322561e-07	   1.43322561e-07
   6.05000000e+00	   1.42142465e-07	   1.42142465e-07
   6.06000000e+00	   1.40972168e-07	   1.40972168e-07
   6.07000000e+00	   1.39811598e-07	   1.39811598e-07
   6.08000000e+00	   1.38660680e-07	   1.38660680e-07
   6.09000000e+00	   1.37518849e-07	   1.37518849e-07
   6.10000000e+00	   1.36386332e-07	   1.36386332e-07
   6.11000000e+00	   1.35263169e-07	   1.35263169e-07
   6.12000000e+00	   1.34149284e-07	   1.34149284e-07
   6.13000000e+00	   1.33044604e-07	   1.33044604e-07
   6.14000000e+00	   1.31949054e-07	   1.31949054e-07
   6.15000000e+00	   1.30862563e-07	   1.30862563e-07
   6.16000000e+00	   1.29785058e-07	   1.29785058e-07
   6.17000000e+00	   1.28716468e-07	   1.28716468e-07
   6.18000000e+00	   1.27656721e-07	   1.27656721e-07
   6.19000000e+00	   1.26605747e-07	   1.26605747e-07
   6.20000000e+00	   1.25563477e-07	   1.25563477e-07
   6.21000000e+00	   1.24529841e-07	   1.24529841e-07
   6.22000000e+00	   1.23504770e-07	   1.23504770e-07
   6.23000000e+00	   1.22488197e-07	   1.22488197e-07
   6.24000000e+00	   1.21480054e-07	   1.21480054e-07
   6.25000000e+00	   1.20480275e-07	   1.20480275e-07
   6.26000000e+00	   1.19488792e-07	   1.19488792e-07
   6.27000000e+00	   1.18505541e-07	   1.18505541e-07
   6.28000000e+00	   1.17530455e-07	   1.17530455e-07
   6.29000000e+00	   1.16563470e-07	   1.16563470e-07
   6.30000000e+00	   1.15604523e-07	   1.15604523e-07
   6.31000000e+00	   1.14653548e-07	   1.14653548e-07
   6.32000000e+00	   1.13710484e-07	   1.13710484e-07
   6.33000000e+00	   1.12775268e-07	   1.12775268e-07
   6.34000000e+00	   1.11847837e-07	   1.11847837e-07
   6.35000000e+00	   1.10928130e-07	   1.10928130e-07
   6.36000000e+00	   1.10015445e-07	   1.10015445e-07
   6.37000000e+00	   1.09110241e-07	   1.09110241e-07
   6.38000000e+00	   1.08212491e-07	   1.08212491e-07
   6.39000000e+00	   1.07322130e-07	   1.07322130e-07
   6.40000000e+00	   1.06439095e-07	   1.06439095e-07
   6.41000000e+00	   1.05563325e-07	   1.05563325e-07
   6.42000000e+00	   1.04694756e-07	   1.04694756e-07
   6.43000000e+00	   1.03833327e-07	   1.03833327e-07
   6.44000000e+00	   1.02978976e-07	   1.02978976e-07
   6.45000000e+00	   1.02131642e-07	   1.02131642e-07
   6.46000000e+00	   1.01291266e-07	   1.01291266e-07
   6.47000000e+00	   1.00457786e-07	   1.00457786e-07
   6.48000000e+00	   9.96311429e-08	   9.96311429e-08
   6.49000000e+00	   9.88112780e-08	   9.88112780e-08
   6.50000000e+00	   9.79981323e-08	   9.79981323e-08
   6.51000000e+00	   9.71916475e-08	   9.71916475e-08
   6.52000000e+00	   9.63917656e-08	   9.63917656e-08
   6.53000000e+00	   9.55984294e-08	   9.55984294e-08
   6.54000000e+00	   9.48115816e-08	   9.48115816e-08
   6.55000000e+00	   9.40311657e-08	   9.40311657e-08
   6.56000000e+00	   9.32571254e-08	   9.32571254e-08
   6.57000000e+00	   9.24894051e-08	   9.24894051e-08
   6.58000000e+00	   9.17279494e-08	   9.17279494e-08
   6.59000000e+00	   9.09727033e-08	   9.09727033e-08
   6.60000000e+00	   9.02236122e-08	   9.02236122e-08
   6.61000000e+00	   8.94806221e-08	   8.94806221e-08
   6.62000000e+00	   8.87437091e-08	   8.87437091e-08
   6.63000000e+00	   8.80131458e-08	   8.80131458e-08
   6.64000000e+00	   8.72885729e-08	   8.72885729e-08
   6.65000000e+00	   8.65699404e-08	   8.65699404e-08
   6.66000000e+00	   8.58571987e-08	   8.58571987e-08
   6.67000000e+00	   8.51502989e-08	   8.51502989e-08
   6.68000000e+00	   8.44491922e-08	   8.44491922e-08
   6.69000000e+00	   8.37538305e-08	   8.37538305e-08
   6.70000000e+00	   8.30641658e-08	   8.30641658e-08
   6.71000000e+00	   8.23801509e-08	   8.23801509e-08
   6.72000000e+00	   8.17017386e-08	   8.17017386e-08
   6.73000000e+00	   8.10288825e-08	   8.10288825e-08
   6.74000000e+00	   8.03615364e-08	   8.03615364e-08
   6.75000000e+00	   7.96996545e-08	   7.96996545e-08
   6.76000000e+00	   7.90431915e-08	   7.90431915e-08
   6.77000000e+00	   7.83921023e-08	   7.83921023e-08
   6.78000000e+00	   7.77463425e-08	   7.77463425e-08
   6.79000000e+00	   7.71058677e-08	   7.71058677e-08
   6.80000000e+00	   7.64706343e-08	   7.64706343e-08
   6.81000000e+00	   7.58405988e-08	   7.58405988e-08
   6.82000000e+00	   7.52157182e-08	   7.52157182e-08
   6.83000000e+00	   7.45959498e-08	   7.45959498e-08
   6.84000000e+00	   7.39812513e-08	   7.39812513e-08
   6.85000000e+00	   7.33715809e-08	   7.33715809e-08
   6.86000000e+00	   7.27668971e-08	   7.27668971e-08
   6.87000000e+00	   7.21671585e-08	   7.21671585e-08
   6.88000000e+00	   7.15723245e-08	   7.15723245e-08
   6.89000000e+00	   7.09824164e-08	   7.09824164e-08
   6.90000000e+00	   7.03975690e-08	   7.03975690e-08
   6.91000000e+00	   6.98175422e-08	   6.98175422e-08
   6.92000000e+00	   6.92422985e-08	   6.92422985e-08
   6.93000000e+00	   6.86718005e-08	   6.86718005e-08
   6.94000000e+00	   6.81060113e-08	   6.81060113e-08
   6.95000000e+00	   6.75448943e-08	   6.75448943e-08
   6.96000000e+00	   6.69884132e-08	   6.69884132e-08
   6.97000000e+00	   6.64365322e-08	   6.64365322e-08
   6.98000000e+00	   6.58892157e-08	   6.58892157e-08
   6.99000000e+00	   6.53464285e-08	   6.53464285e-08
   7.00000000e+00	   6.48081358e-08	   6.48081358e-08
   7.01000000e+00	   6.42743029e-08	   6.42743029e-08
   7.02000000e+00	   6.37448958e-08	   6.37448958e-08
   7.03000000e+00	   6.32198804e-08	   6.32198804e-08
   7.04000000e+00	   6.26992233e-08	   6.26992233e-08
   7.05000000e+00	   6.21828912e-08	   6.21828912e-08
   7.06000000e+00	   6.16708512e-08	   6.16708512e-08
   7.07000000e+00	   6.11630707e-08	   6.11630707e-08
   7.08000000e+00	   6.06595173e-08	   6.06595173e-08
   7.09000000e+00	   6.01601591e-08	   6.01601591e-08
   7.10000000e+00	   5.96649645e-08	   5.96649645e-08
   7.11000000e+00	   5.91739019e-08	   5.91739019e-08
   7.12000000e+00	   5.86869404e-08	   5.86869404e-08
   7.13000000e+00	   5.82040491e-08	   5.82040491e-08
   7.14000000e+00	   5.77251975e-08	   5.77251975e-08
   7.15000000e+00	   5.72503555e-08	   5.72503555e-08
   7.16000000e+00	   5.67793339e-08	   5.67793339e-08
   7.17000000e+00	   5.63119471e-08	   5.63119471e-08
   7.18000000e+00	   5.58484253e-08	   5.58484253e-08
   7.19000000e+00	   5.53887364e-08	   5.53887364e-08
   7.20000000e+00	   5.49328485e-08	   5.49328485e-08
   7.21000000e+00	   5.44807299e-08	   5.44807299e-08
   7.22000000e+00	   5.40323491e-08	   5.40323491e-08
   7.23000000e+00	   5.35876747e-08	   5.35876747e-08
   7.24000000e+00	   5.31466755e-08	   5.31466755e-08
   7.25000000e+00	   5.27093207e-08	   5.27093207e-08
   7.26000000e+00	   5.22755795e-08	   5.22755795e-08
   7.27000000e+00	   5.18454212e-08	   5.18454212e-08
   7.28000000e+00	   5.14188156e-08	   5.14188156e-08
   7.29000000e+00	   5.09957322e-08	   5.09957322e-08
   7.30000000e+00	   5.05761412e-08	   5.05761412e-08
   7.31000000e+00	   5.01600125e-08	   5.01600125e-08
   7.32000000e+00	   4.97473166e-08	   4.97473166e-08
   7.33000000e+00	   4.93380238e-08	   4.93380238e-08
   7.34000000e+00	   4.89321048e-08	   4.89321048e-08
   7.35000000e+00	   4.85295303e-08	   4.85295303e-08
   7.36000000e+00	   4.81302713e-08	   4.81302713e-08
   7.37000000e+00	   4.77342990e-08	   4.77342990e-08
   7.38000000e+00	   4.73415845e-08	   4.73415845e-08
   7.39000000e+00	   4.69520992e-08	   4.69520992e-08
   7.40000000e+00	   4.65658149e-08	   4.65658149e-08
   7.41000000e+00	   4.61827030e-08	   4.61827030e-08
   7.42000000e+00	   4.58027356e-08	   4.58027356e-08
   7.43000000e+00	   4.54258847e-08	   4.54258847e-08
   7.44000000e+00	   4.50521223e-08	   4.50521223e-08
   7.45000000e+00	   4.46814208e-08	   4.46814208e-08
   7.46000000e+00	   4.43137527e-08	   4.43137527e-08
   7.47000000e+00	   4.39491932e-08	   4.39491932e-08
   7.48000000e+00	   4.35876659e-08	   4.35876659e-08
   7.49000000e+00	   4.32291107e-08	   4.32291107e-08
   7.50000000e+00	   4.28735019e-08	   4.28735019e-08
   7.51000000e+00	   4.25208140e-08	   4.25208140e-08
   7.52000000e+00	   4.21710216e-08	   4.21710216e-08
   7.53000000e+00	   4.18240998e-08	   4.18240998e-08
   7.54000000e+00	   4.14800235e-08	   4.14800235e-08
   7.55000000e+00	   4.11387681e-08	   4.11387681e-08
   7.56000000e+00	   4.08003088e-08	   4.08003088e-08
   7.57000000e+00	   4.04646213e-08	   4.04646213e-08
   7.58000000e+00	   4.01316814e-08	   4.01316814e-08
   7.59000000e+00	   3.98014649e-08	   3.98014649e-08
   7.60000000e+00	   3.94739480e-08	   3.94739480e-08
   7.61000000e+00	   3.91491069e-08	   3.91491069e-08
   7.62000000e+00	   3.88269180e-08	   3.88269180e-08
   7.63000000e+00	   3.85073579e-08	   3.85073579e-08
   7.64000000e+00	   3.81904034e-08	   3.81904034e-08
   7.65000000e+00	   3.78760314e-08	   3.78760314e-08
   7.66000000e+00	   3.75642190e-08	   3.75642190e-08
   7.67000000e+00	   3.72549434e-08	   3.72549434e-08
   7.68000000e+00	   3.69481820e-08	   3.69481820e-08
   7.69000000e+00	   3.66439124e-08	   3.66439124e-08
   7.70000000e+00	   3.63421123e-08	   3.63421123e-08
   7.71000000e+00	   3.60427596e-08	   3.60427596e-08
   7.72000000e+00	   3.57458323e-08	   3.57458323e-08
   7.73000000e+00	   3.54513086e-08	   3.54513086e-08
   7.74000000e+00	   3.51591668e-08	   3.51591668e-08
   7.75000000e+00	   3.48693855e-08	   3.48693855e-08
   7.76000000e+00	   3.45819433e-08	   3.45819433e-08
   7.77000000e+00	   3.42968530e-08	   3.42968530e-08
   7.78000000e+00	   3.40143621e-08	   3.40143621e-08
   7.79000000e+00	   3.37341889e-08	   3.37341889e-08
   7.80000000e+00	   3.34563150e-08	   3.34563150e-08
   7.81000000e+00	   3.31807222e-08	   3.31807222e-08
   7.82000000e+00	   3.29073925e-08	   3.29073925e-08
   7.83000000e+00	   3.26363082e-08	   3.26363082e-08
   7.84000000e+00	   3.23674517e-08	   3.23674517e-08
   7.85000000e+00	   3.21008056e-08	   3.21008056e-08
   7.86000000e+00	   3.18363527e-08	   3.18363527e-08
   7.87000000e+00	   3.15740760e-08	   3.15740760e-08
   7.88000000e+00	   3.13139587e-08	   3.13139587e-08
   7.89000000e+00	   3.10559842e-08	   3.10559842e-08
   7.90000000e+00	   3.08001361e-08	   3.08001361e-08
   7.91000000e+00	   3.05463982e-08	   3.05463982e-08
   7.92000000e+00	   3.02947544e-08	   3.02947544e-08
   7.93000000e+00	   3.00451889e-08	   3.00451889e-08
   7.94000000e+00	   2.97976861e-08	   2.97976861e-08
   7.95000000e+00	   2.95522305e-08	   2.95522305e-08
   7.96000000e+00	   2.93088067e-08	   2.93088067e-08
   7.97000000e+00	   2.90673998e-08	   2.90673998e-08
   7.98000000e+00	   2.88279947e-08	   2.88279947e-08
   7.99000000e+00	   2.85905768e-08	   2.85905768e-08
   8.00000000e+00	   2.83551314e-08	   2.83551314e-08
   8.01000000e+00	   2.81216442e-08	   2.81216442e-08
   8.02000000e+00	   2.78901011e-08	   2.78901011e-08
   8.03000000e+00	   2.76604879e-08	   2.76604879e-08
   8.04000000e+00	   2.74327908e-08	   2.74327908e-08
   8.05000000e+00	   2.72069961e-08	   2.72069961e-08
   8.06000000e+00	   2.69830904e-08	   2.69830904e-08
   8.07000000e+00	   2.67610603e-08	   2.67610603e-08
   8.08000000e+00	   2.65407875e-08	   2.65407875e-08
   8.09000000e+00	   2.63222295e-08	   2.63222295e-08
   8.10000000e+00	   2.61054782e-08	   2.61054782e-08
   8.11000000e+00	   2.58905191e-08	   2.58905191e-08
   8.12000000e+00	   2.56773379e-08	   2.56773379e-08
   8.13000000e+00	   2.54659204e-08	   2.54659204e-08
   8.14000000e+00	   2.52562524e-08	   2.52562524e-08
   8.15000000e+00	   2.50483200e-08	   2.50483200e-08
   8.16000000e+00	   2.48421093e-08	   2.48421093e-08
   8.17000000e+00	   2.46376066e-08	   2.46376066e-08
   8.18000000e+00	   2.44347981e-08	   2.44347981e-08
   8.19000000e+00	   2.42336704e-08	   2.42336704e-08
   8.20000000e+00	   2.40342099e-08	   2.40342099e-08
   8.21000000e+00	   2.38364034e-08	   2.38364034e-08
   8.22000000e+00	   2.36402375e-08	   2.36402375e-08
   8.23000000e+00	   2.34456993e-08	   2.34456993e-08
   8.24000000e+00	   2.32527755e-08	   2.32527755e-08
   8.25000000e+00	   2.30614534e-08	   2.30614534e-08
   8.26000000e+00	   2.28717199e-08	   2.28717199e-08
   8.27000000e+00	   2.26835625e-08	   2.26835625e-08
   8.28000000e+00	   2.24969685e-08	   2.24969685e-08
   8.29000000e+00	   2.23119253e-08	   2.23119253e-08
   8.30000000e+00	   2.21284205e-08	   2.21284205e-08
   8.31000000e+00	   2.19464416e-08	   2.19464416e-08
   8.32000000e+00	   2.17659765e-08	   2.17659765e-08
   8.33000000e+00	   2.15870130e-08	   2.15870130e-08
   8.34000000e+00	   2.14095389e-08	   2.14095389e-08
   8.35000000e+00	   2.12335423e-08	   2.12335423e-08
   8.36000000e+00	   2.10590113e-08	   2.10590113e-08
   8.37000000e+00	   2.08859341e-08	   2.08859341e-08
   8.38000000e+00	   2.07142988e-08	   2.07142988e-08
   8.39000000e+00	   2.05439865e-08	   2.05439865e-08
   8.40000000e+00	   2.03750603e-08	   2.03750603e-08
   8.41000000e+00	   2.02075249e-08	   2.02075249e-08
   8.42000000e+00	   2.00413682e-08	   2.00413682e-08
   8.43000000e+00	   1.98765780e-08	   1.98765780e-08
   8.44000000e+00	   1.97131421e-08	   1.97131421e-08
   8.45000000e+00	   1.95510484e-08	   1.95510484e-08
   8.46000000e+00	   1.93902850e-08	   1.93902850e-08
   8.47000000e+00	   1.92308397e-08	   1.92308397e-08
   8.48000000e+00	   1.90727008e-08	   1.90727008e-08
   8.49000000e+00	   1.89158563e-08	   1.89158563e-08
   8.50000000e+00	   1.87602945e-08	   1.87602945e-08
   8.51000000e+00	   1.86060037e-08	   1.86060037e-08
   8.52000000e+00	   1.84529722e-08	   1.84529722e-08
   8.53000000e+00	   1.83011883e-08	   1.83011883e-08
   8.54000000e+00	   1.81506405e-08	   1.81506405e-08
   8.55000000e+00	   1.80013173e-08	   1.80013173e-08
   8.56000000e+00	   1.78532072e-08	   1.78532072e-08
   8.57000000e+00	   1.77062989e-08	   1.77062989e-08
   8.58000000e+00	   1.75605810e-08	   1.75605810e-08
   8.59000000e+00	   1.74160422e-08	   1.74160422e-08
   8.60000000e+00	   1.72726713e-08	   1.72726713e-08
   8.61000000e+00	   1.71304571e-08	   1.71304571e-08
   8.62000000e+00	   1.69893885e-08	   1.69893885e-08
   8.63000000e+00	   1.68494543e-08	   1.68494543e-08
   8.64000000e+00	   1.67106436e-08	   1.67106436e-08
   8.65000000e+00	   1.65729454e-08	   1.65729454e-08
   8.66000000e+00	   1.64363487e-08	   1.64363487e-08
   8.67000000e+00	   1.63008426e-08	   1.63008426e-08
   8.68000000e+00	   1.61664164e-08	   1.61664164e-08
   8.69000000e+00	   1.60331154e-08	   1.60331154e-08
   8.70000000e+00	   1.59010850e-08	   1.59010850e-08
   8.71000000e+00	   1.57701362e-08	   1.57701362e-08
   8.72000000e+00	   1.56402601e-08	   1.56402601e-08
   8.73000000e+00	   1.55114484e-08	   1.55114484e-08
   8.74000000e+00	   1.53836927e-08	   1.53836927e-08
   8.75000000e+00	   1.52569845e-08	   1.52569845e-08
   8.76000000e+00	   1.51313156e-08	   1.51313156e-08
   8.77000000e+00	   1.50066780e-08	   1.50066780e-08
   8.78000000e+00	   1.48830635e-08	   1.48830635e-08
   8.79000000e+00	   1.47604643e-08	   1.47604643e-08
   8.80000000e+00	   1.46388725e-08	   1.46388725e-08
   8.81000000e+00	   1.45182804e-08	   1.45182804e-08
   8.82000000e+00	   1.43986803e-08	   1.43986803e-08
   8.83000000e+00	   1.42800647e-08	   1.42800647e-08
   8.84000000e+00	   1.41624261e-08	   1.41624261e-08
   8.85000000e+00	   1.40457572e-08	   1.40457572e-08
   8.86000000e+00	   1.39300507e-08	   1.39300507e-08
   8.87000000e+00	   1.38152995e-08	   1.38152995e-08
   8.88000000e+00	   1.37014965e-08	   1.37014965e-08
   8.89000000e+00	   1.35886347e-08	   1.35886347e-08
   8.90000000e+00	   1.34767072e-08	   1.34767072e-08
   8.91000000e+00	   1.33657073e-08	   1.33657073e-08
   8.92000000e+00	   1.32556282e-08	   1.32556282e-08
   8.93000000e+00	   1.31464634e-08	   1.31464634e-08
   8.94000000e+00	   1.30382064e-08	   1.30382064e-08
   8.95000000e+00	   1.29308507e-08	   1.29308507e-08
   8.96000000e+00	   1.28243899e-08	   1.28243899e-08
   8.97000000e+00	   1.27188180e-08	   1.27188180e-08
   8.98000000e+00	   1.26141286e-08	   1.26141286e-08
   8.99000000e+00	   1.25103158e-08	   1.25103158e-08
   9.00000000e+00	   1.24073077e-08	   1.24073077e-08
   9.01000000e+00	   1.23051082e-08	   1.23051082e-08
   9.02000000e+00	   1.22037518e-08	   1.22037518e-08
   9.03000000e+00	   1.21032317e-08	   1.21032317e-08
   9.04000000e+00	   1.20035413e-08	   1.20035413e-08
   9.05000000e+00	   1.19046739e-08	   1.19046739e-08
   9.06000000e+00	   1.18066230e-08	   1.18066230e-08
   9.07000000e+00	   1.17093821e-08	   1.17093821e-08
   9.08000000e+00	   1.16129447e-08	   1.16129447e-08
   9.09000000e+00	   1.15173044e-08	   1.15173044e-08
   9.10000000e+00	   1.14224549e-08	   1.14224549e-08
   9.11000000e+00	   1.13283897e-08	   1.13283897e-08
   9.12000000e+00	   1.12351026e-08	   1.12351026e-08
   9.13000000e+00	   1.11425875e-08	   1.11425875e-08
   9.14000000e+00	   1.10508381e-08	   1.10508381e-08
   9.15000000e+00	   1.09598484e-08	   1.09598484e-08
   9.16000000e+00	   1.08696121e-08	   1.08696121e-08
   9.17000000e+00	   1.07801233e-08	   1.07801233e-08
   9.18000000e+00	   1.06913761e-08	   1.06913761e-08
   9.19000000e+00	   1.06033643e-08	   1.06033643e-08
   9.20000000e+00	   1.05160822e-08	   1.05160822e-08
   9.21000000e+00	   1.04295238e-08	   1.04295238e-08
   9.22000000e+00	   1.03436834e-08	   1.03436834e-08
   9.23000000e+00	   1.02585551e-08	   1.02585551e-08
   9.24000000e+00	   1.01741333e-08	   1.01741333e-08
   9.25000000e+00	   1.00904121e-08	   1.00904121e-08
   9.26000000e+00	   1.00073859e-08	   1.00073859e-08
   9.27000000e+00	   9.92504918e-09	   9.92504918e-09
   9.28000000e+00	   9.84339623e-09	   9.84339623e-09
   9.29000000e+00	   9.76242154e-09	   9.76242154e-09
   9.30000000e+00	   9.68211957e-09	   9.68211957e-09
   9.31000000e+00	   9.60243950e-09	   9.60243950e-09
   9.32000000e+00	   9.52341517e-09	   9.52341517e-09
   9.33000000e+00	   9.44504232e-09	   9.44504232e-09
   9.34000000e+00	   9.36731538e-09	   9.36731538e-09
   9.35000000e+00	   9.29022887e-09	   9.29022887e-09
   9.36000000e+00	   9.21377731e-09	   9.21377731e-09
   9.37000000e+00	   9.13795527e-09	   9.13795527e-09
   9.38000000e+00	   9.06275735e-09	   9.06275735e-09
   9.39000000e+00	   8.98817818e-09	   8.98817818e-09
   9.40000000e+00	   8.91421245e-09	   8.91421245e-09
   9.41000000e+00	   8.84085486e-09	   8.84085486e-09
   9.42000000e+00	   8.76810014e-09	   8.76810014e-09
   9.43000000e+00	   8.69594308e-09	   8.69594308e-09
   9.44000000e+00	   8.62437849e-09	   8.62437849e-09
   9.45000000e+00	   8.55340120e-09	   8.55340120e-09
   9.46000000e+00	   8.48300610e-09	   8.48300610e-09
   9.47000000e+00	   8.41318809e-09	   8.41318809e-09
   9.48000000e+00	   8.34394212e-09	   8.34394212e-09
   9.49000000e+00	   8.27526316e-09	   8.27526316e-09
   9.50000000e+00	   8.20714622e-09	   8.20714622e-09
   9.51000000e+00	   8.13958634e-09	   8.13958634e-09
   9.52000000e+00	   8.07257859e-09	   8.07257859e-09
   9.53000000e+00	   8.00611808e-09	   8.00611808e-09
   9.54000000e+00	   7.94019993e-09	   7.94019993e-09
   9.55000000e+00	   7.87481933e-09	   7.87481933e-09
   9.56000000e+00	   7.80997146e-09	   7.80997146e-09
   9.57000000e+00	   7.74565155e-09	   7.74565155e-09
   9.58000000e+00	   7.68185486e-09	   7.68185486e-09
   9.59000000e+00	   7.61857669e-09	   7.61857669e-09
   9.60000000e+00	   7.55581235e-09	   7.55581235e-09
   9.61000000e+00	   7.49355719e-09	   7.49355719e-09
   9.62000000e+00	   7.43180660e-09	   7.43180660e-09
   9.63000000e+00	   7.37059887e-09	   7.37059887e-09
   9.64000000e+00	   7.30991269e-09	   7.30991269e-09
   9.65000000e+00	   7.24972517e-09	   7.24972517e-09
   9.66000000e+00	   7.19003221e-09	   7.19003221e-09
   9.67000000e+00	   7.13082975e-09	   7.13082975e-09
   9.68000000e+00	   7.07211376e-09	   7.07211376e-09
   9.69000000e+00	   7.01388027e-09	   7.01388027e-09
   9.70000000e+00	   6.95612530e-09	   6.95612530e-09
   9.71000000e+00	   6.89884495e-09	   6.89884495e-09
   9.72000000e+00	   6.84203534e-09	   6.84203534e-09
   9.73000000e+00	   6.78569263e-09	   6.78569263e-09
   9.74000000e+00	   6.72981300e-09	   6.72981300e-09
   9.75000000e+00	   6.67439268e-09	   6.67439268e-09
   9.76000000e+00	   6.61942794e-09	   6.61942794e-09
   9.77000000e+00	   6.56491507e-09	   6.56491507e-09
   9.78000000e+00	   6.51085040e-09	   6.51085040e-09
   9.79000000e+00	   6.45723029e-09	   6.45723029e-09
   9.80000000e+00	   6.40405116e-09	   6.40405116e-09
   9.81000000e+00	   6.35130943e-09	   6.35130943e-09
   9.82000000e+00	   6.29900157e-09	   6.29900157e-09
   9.83000000e+00	   6.24712407e-09	   6.24712407e-09
   9.84000000e+00	   6.19567349e-09	   6.19567349e-09
   9.85000000e+00	   6.14464637e-09	   6.14464637e-09
   9.86000000e+00	   6.09403932e-09	   6.09403932e-09
   9.87000000e+00	   6.04384898e-09	   6.04384898e-09
   9.88000000e+00	   5.99407200e-09	   5.99407200e-09
   9.89000000e+00	   5.94470509e-09	   5.94470509e-09
   9.90000000e+00	   5.89574498e-09	   5.89574498e-09
   9.91000000e+00	   5.84718841e-09	   5.84718841e-09
   9.92000000e+00	   5.79903219e-09	   5.79903219e-09
   9.93000000e+00	   5.75127314e-09	   5.75127314e-09
   9.94000000e+00	   5.70390811e-09	   5.70390811e-09
   9.95000000e+00	   5.65693700e-09	   5.65693700e-09
   9.96000000e+00	   5.61036262e-09	   5.61036262e-09
   9.97000000e+00	   5.56418098e-09	   5.56418098e-09
   9.98000000e+00	   5.51839165e-09	   5.51839165e-09
   9.99000000e+00	   5.47299463e-09	   5.47299463e-09
   1.00000000e+01	   5.42799038e-09	   5.42799038e-09
