0.00	0.0015	0
0.03	0.0016	-0.0001
0.07	0.0016	-0.0003
0.10	0.0017	-0.0004
0.14	0.0018	-0.0006
0.19	0.0019	-0.0008
0.23	0.0019	-0.001
0.28	0.002	-0.0012
0.32	0.0021	-0.0014
0.36	0.0022	-0.0016
0.41	0.0023	-0.0018
0.45	0.0024	-0.002
0.50	0.0026	-0.0021
0.54	0.0027	-0.0023
0.58	0.0028	-0.0025
0.63	0.0029	-0.0027
0.67	0.0031	-0.0029
0.72	0.0032	-0.0031
0.76	0.0033	-0.0033
0.80	0.0035	-0.0035
0.85	0.0036	-0.0037
0.89	0.0038	-0.0039
0.94	0.004	-0.0041
0.98	0.0041	-0.0043
1.02	0.0043	-0.0045
1.07	0.0045	-0.0047
1.11	0.0047	-0.0049
1.16	0.0049	-0.0051
1.20	0.0051	-0.0053
1.24	0.0054	-0.0055
1.29	0.0056	-0.0057
1.33	0.0058	-0.0059
1.38	0.0061	-0.0061
1.42	0.0063	-0.0063
1.46	0.0066	-0.0065
1.51	0.0069	-0.0067
1.55	0.0072	-0.0069
1.60	0.0075	-0.0071
1.64	0.0078	-0.0073
1.68	0.0081	-0.0075
1.73	0.0084	-0.0077
1.77	0.0088	-0.0079
1.82	0.0091	-0.0081
1.86	0.0095	-0.0083
1.90	0.0099	-0.0085
1.95	0.0103	-0.0088
1.99	0.0107	-0.009
2.04	0.0111	-0.0092
2.08	0.0115	-0.0094
2.12	0.012	-0.0096
2.17	0.0124	-0.0098
2.21	0.0129	-0.01
2.26	0.0134	-0.0103
2.30	0.0139	-0.0105
2.34	0.0145	-0.0107
2.39	0.015	-0.0109
2.43	0.0156	-0.0112
2.48	0.0162	-0.0114
2.52	0.0168	-0.0116
2.56	0.0174	-0.0118
2.61	0.018	-0.0121
2.65	0.0187	-0.0123
2.70	0.0193	-0.0125
2.74	0.02	-0.0127
2.78	0.0208	-0.013
2.83	0.0215	-0.0132
2.87	0.0223	-0.0134
2.92	0.0231	-0.0137
2.96	0.0239	-0.0139
3.00	0.0247	-0.0142
3.05	0.0256	-0.0144
3.09	0.0265	-0.0146
3.14	0.0274	-0.0149
3.18	0.0283	-0.0151
3.22	0.0293	-0.0154
3.27	0.0302	-0.0156
3.31	0.0313	-0.0158
3.36	0.0323	-0.0161
3.40	0.0334	-0.0163
3.44	0.0345	-0.0166
3.49	0.0356	-0.0168
3.53	0.0368	-0.0171
3.58	0.038	-0.0174
3.62	0.0392	-0.0176
3.66	0.0404	-0.0179
3.71	0.0417	-0.0181
3.75	0.043	-0.0184
3.80	0.0444	-0.0186
3.84	0.0458	-0.0189
3.88	0.0472	-0.0192
3.93	0.0487	-0.0194
3.97	0.0502	-0.0197
4.02	0.0517	-0.02
4.06	0.0532	-0.0202
4.10	0.0548	-0.0205
4.15	0.0565	-0.0208
4.19	0.0581	-0.0211
4.24	0.0599	-0.0213
4.28	0.0616	-0.0216
4.32	0.0634	-0.0219
4.37	0.0652	-0.0222
4.41	0.0671	-0.0224
4.46	0.069	-0.0227
4.50	0.071	-0.023
4.54	0.073	-0.0233
4.59	0.075	-0.0236
4.63	0.0771	-0.0239
4.68	0.0792	-0.0242
4.72	0.0814	-0.0245
4.76	0.0836	-0.0248
4.81	0.0858	-0.0251
4.85	0.0881	-0.0254
4.90	0.0905	-0.0257
4.94	0.0929	-0.026
4.98	0.0953	-0.0263
5.03	0.0978	-0.0266
5.07	0.1003	-0.0269
5.12	0.1029	-0.0272
5.16	0.1055	-0.0275
5.20	0.1082	-0.0278
5.25	0.1109	-0.0281
5.29	0.1137	-0.0284
5.34	0.1165	-0.0288
5.38	0.1193	-0.0291
5.42	0.1222	-0.0294
5.47	0.1252	-0.0297
5.51	0.1282	-0.0301
5.56	0.1312	-0.0304
5.60	0.1343	-0.0307
5.64	0.1375	-0.031
5.69	0.1396	-0.0205
5.73	0.1428	-0.0209
5.78	0.1449	-0.0107
5.82	0.1482	-0.0111
5.86	0.1516	-0.0115
5.91	0.1549	-0.012
5.95	0.1584	-0.0124
6.00	0.1619	-0.0128
6.04	0.1654	-0.0133
6.08	0.169	-0.0137
6.13	0.1715	-0.0045
6.17	0.1751	-0.0049
6.22	0.1778	0.004
6.26	0.1815	0.0035
6.30	0.1842	0.0123
6.35	0.188	0.0117
6.39	0.1907	0.0202
6.44	0.1946	0.0196
6.48	0.1975	0.0279
6.52	0.2014	0.0272
6.57	0.2054	0.0266
6.61	0.2094	0.026
6.66	0.2135	0.0254
6.70	0.2176	0.0248
6.74	0.2207	0.0321
6.79	0.2249	0.0315
6.83	0.2291	0.0308
6.88	0.2334	0.0302
6.92	0.2377	0.0296
6.96	0.242	0.029
7.01	0.2463	0.0284
7.05	0.2507	0.0277
7.10	0.2552	0.0271
7.14	0.2596	0.0265
7.18	0.2641	0.0259
7.23	0.2686	0.0253
7.27	0.2732	0.0247
7.32	0.2778	0.0242
7.36	0.2824	0.0236
7.40	0.2871	0.023
7.45	0.2918	0.0224
7.49	0.2965	0.0218
7.54	0.3012	0.0212
7.58	0.306	0.0206
7.62	0.3108	0.0201
7.67	0.3156	0.0195
7.71	0.3205	0.0189
7.76	0.3253	0.0183
7.80	0.3302	0.0177
7.84	0.3351	0.0171
7.89	0.3401	0.0166
7.93	0.345	0.016
7.98	0.35	0.0154
8.02	0.3549	0.0148
8.06	0.3599	0.0142
8.11	0.3649	0.0136
8.15	0.3699	0.013
8.20	0.375	0.0125
8.24	0.38	0.0119
8.28	0.385	0.0113
8.33	0.3901	0.0107
8.37	0.3952	0.0101
8.42	0.4003	0.0095
8.46	0.4054	0.0089
8.50	0.4105	0.0083
8.55	0.4156	0.0077
8.59	0.4207	0.0071
8.64	0.4258	0.0064
8.68	0.4309	0.0058
8.72	0.436	0.0052
8.77	0.441	0.0046
8.81	0.4461	0.004
8.86	0.4512	0.0033
8.90	0.4563	0.0027
8.94	0.4613	0.0021
8.99	0.4664	0.0014
9.03	0.4715	0.0008
9.08	0.4765	0.0001
9.12	0.4816	-0.0005
9.16	0.4866	-0.0012
9.21	0.4917	-0.0018
9.25	0.4967	-0.0025
9.30	0.5017	-0.0031
9.34	0.5067	-0.0038
9.38	0.5117	-0.0045
9.43	0.5166	-0.0052
9.47	0.5216	-0.0058
9.52	0.5265	-0.0065
9.56	0.5314	-0.0072
9.60	0.5363	-0.0079
9.65	0.5412	-0.0086
9.69	0.546	-0.0093
9.74	0.5509	-0.01
9.78	0.5557	-0.0108
9.82	0.5605	-0.0115
9.87	0.5653	-0.0122
9.91	0.57	-0.0129
9.96	0.5747	-0.0137
10.00	0.5795	-0.0144
10.05	0.5848	-0.0153
10.1	0.5901	-0.0161
10.15	0.5953	-0.017
10.2	0.6006	-0.0178
10.25	0.6058	-0.0187
10.3	0.611	-0.0196
10.35	0.6161	-0.0205
10.4	0.6212	-0.0214
10.45	0.6264	-0.0223
10.5	0.6314	-0.0232
10.55	0.6365	-0.0241
10.6	0.6415	-0.0251
10.65	0.6465	-0.026
10.7	0.6514	-0.0269
10.75	0.6564	-0.0279
10.8	0.6613	-0.0289
10.85	0.6662	-0.0298
10.9	0.671	-0.0308
10.95	0.6758	-0.0318
11.00	0.6806	-0.0328
11.05	0.6854	-0.0338
11.1	0.6901	-0.0348
11.15	0.6948	-0.0358
11.2	0.6995	-0.0368
11.24	0.7041	-0.0379
11.29	0.7087	-0.0389
11.34	0.7133	-0.04
11.39	0.7178	-0.041
11.44	0.7223	-0.0421
11.49	0.7268	-0.0432
11.54	0.7313	-0.0443
11.59	0.7357	-0.0454
11.64	0.7401	-0.0465
11.69	0.7444	-0.0476
11.74	0.7487	-0.0487
11.79	0.753	-0.0499
11.84	0.7573	-0.051
11.89	0.7615	-0.0522
11.94	0.7657	-0.0533
11.99	0.7698	-0.0545
12.04	0.774	-0.0557
12.09	0.778	-0.0569
12.14	0.7821	-0.0581
12.19	0.7861	-0.0593
12.24	0.7901	-0.0605
12.29	0.7941	-0.0618
12.34	0.798	-0.063
12.39	0.8019	-0.0643
12.44	0.8057	-0.0655
12.49	0.8095	-0.0668
12.54	0.8133	-0.0681
12.59	0.817	-0.0694
12.64	0.8208	-0.0707
12.69	0.8244	-0.072
12.74	0.8281	-0.0734
12.79	0.8317	-0.0747
12.84	0.8352	-0.0761
12.89	0.8388	-0.0774
12.94	0.8423	-0.0788
12.99	0.8457	-0.0802
13.04	0.8491	-0.0816
13.09	0.8525	-0.083
13.14	0.8559	-0.0844
13.19	0.8592	-0.0858
13.24	0.8624	-0.0873
13.29	0.8657	-0.0887
13.34	0.8689	-0.0902
13.39	0.8721	-0.0917
13.44	0.8752	-0.0931
13.49	0.8783	-0.0946
13.54	0.8813	-0.0961
13.59	0.8843	-0.0977
13.63	0.8873	-0.0992
13.68	0.8902	-0.1008
13.73	0.8932	-0.1023
13.78	0.896	-0.1039
13.83	0.8988	-0.1055
13.88	0.9016	-0.1071
13.93	0.9044	-0.1087
13.98	0.9071	-0.1103
14.03	0.9098	-0.1119
14.08	0.9124	-0.1136
14.13	0.915	-0.1152
14.18	0.9175	-0.1169
14.23	0.9201	-0.1186
14.28	0.9225	-0.1203
14.33	0.925	-0.122
14.38	0.9274	-0.1237
14.43	0.9298	-0.1255
14.48	0.9321	-0.1272
14.53	0.9344	-0.129
14.58	0.9366	-0.1308
14.63	0.9388	-0.1326
14.68	0.941	-0.1344
14.73	0.9431	-0.1362
14.78	0.9452	-0.1381
14.83	0.9473	-0.1399
14.88	0.9493	-0.1418
14.93	0.9513	-0.1437
14.98	0.9532	-0.1455
15.03	0.9551	-0.1475
15.08	0.9569	-0.1494
15.13	0.9588	-0.1513
15.18	0.9605	-0.1533
15.23	0.9623	-0.1553
15.28	0.964	-0.1572
15.33	0.9656	-0.1592
15.38	0.9672	-0.1613
15.43	0.9688	-0.1633
15.48	0.9704	-0.1653
15.53	0.9719	-0.1674
15.58	0.9733	-0.1695
15.63	0.9747	-0.1716
15.68	0.9761	-0.1737
15.73	0.9775	-0.1758
15.78	0.9788	-0.178
15.83	0.98	-0.1801
15.88	0.9813	-0.1823
15.93	0.9825	-0.1845
15.98	0.9836	-0.1867
16.02	0.9847	-0.189
16.07	0.9858	-0.1912
16.12	0.9868	-0.1935
16.17	0.9878	-0.1958
16.22	0.9887	-0.1981
16.27	0.9897	-0.2004
16.32	0.9905	-0.2027
16.37	0.9914	-0.2051
16.42	0.9922	-0.2075
16.47	0.9929	-0.2099
16.52	0.9936	-0.2123
16.57	0.9943	-0.2147
16.62	0.995	-0.2172
16.67	0.9956	-0.2197
16.72	0.9961	-0.2221
16.77	0.9966	-0.2247
16.82	0.9971	-0.2272
16.87	0.9976	-0.2297
16.92	0.998	-0.2323
16.97	0.9984	-0.2349
17.02	0.9987	-0.2375
17.07	0.999	-0.2402
17.12	0.9992	-0.2428
17.17	0.9995	-0.2455
17.22	0.9996	-0.2482
17.27	0.9998	-0.2509
17.32	0.9999	-0.2536
17.37	1.00	-0.2564
17.42	1.00	-0.2592
17.47	1.00	-0.262
17.52	1.00	-0.2648
17.57	0.9999	-0.2677
17.62	0.9998	-0.2706
17.67	0.9996	-0.2735
17.72	0.9994	-0.2764
17.77	0.9992	-0.2793
17.82	0.9989	-0.2823
17.87	0.9986	-0.2853
17.92	0.9983	-0.2883
17.97	0.9979	-0.2913
18.02	0.9975	-0.2944
18.07	0.9971	-0.2975
18.12	0.9966	-0.3006
18.17	0.9961	-0.3038
18.22	0.9956	-0.3069
18.27	0.995	-0.3101
18.32	0.9944	-0.3134
18.37	0.9938	-0.3166
18.41	0.9931	-0.3199
18.46	0.9924	-0.3232
18.51	0.9916	-0.3265
18.56	0.9908	-0.3299
18.61	0.99	-0.3333
18.66	0.9892	-0.3367
18.71	0.9883	-0.3401
18.76	0.9874	-0.3436
18.81	0.9864	-0.3471
18.86	0.9855	-0.3506
18.91	0.9845	-0.3542
18.96	0.9834	-0.3578
19.01	0.9823	-0.3614
19.06	0.9812	-0.365
19.11	0.9801	-0.3687
19.16	0.9789	-0.3724
19.21	0.9778	-0.3762
19.26	0.9765	-0.3799
19.31	0.9753	-0.3837
19.36	0.974	-0.3876
19.41	0.9727	-0.3914
19.46	0.9713	-0.3954
19.51	0.97	-0.3993
19.56	0.9686	-0.4033
19.61	0.9671	-0.4073
19.66	0.9657	-0.4113
19.71	0.9642	-0.4154
19.76	0.9627	-0.4195
19.81	0.9612	-0.4236
19.86	0.9596	-0.4278
19.91	0.958	-0.432
19.96	0.9564	-0.4363
20.01	0.9548	-0.4406
20.06	0.9531	-0.4449
20.11	0.9514	-0.4493
20.16	0.9497	-0.4537
20.21	0.948	-0.4581
20.26	0.9462	-0.4626
20.31	0.9444	-0.4671
20.36	0.9426	-0.4717
20.41	0.9408	-0.4763
20.46	0.9389	-0.4809
20.51	0.9371	-0.4856
20.56	0.9352	-0.4903
20.61	0.9332	-0.4951
20.66	0.9313	-0.4999
20.71	0.9294	-0.5048
20.76	0.9274	-0.5097
20.8	0.9254	-0.5146
20.85	0.9234	-0.5196
20.9	0.9213	-0.5246
20.95	0.9193	-0.5297
21.00	0.9172	-0.5348
21.05	0.9151	-0.5399
21.1	0.913	-0.5451
21.15	0.9109	-0.5504
21.2	0.9088	-0.5557
21.25	0.9066	-0.5611
21.3	0.9045	-0.5664
21.35	0.9023	-0.5719
21.4	0.9001	-0.5774
21.45	0.8979	-0.5829
21.5	0.8957	-0.5885
21.55	0.8935	-0.5942
21.6	0.8912	-0.5999
21.65	0.889	-0.6056
21.7	0.8867	-0.6114
21.75	0.8845	-0.6173
21.8	0.8822	-0.6232
21.85	0.8799	-0.6291
21.9	0.8776	-0.6351
21.95	0.8753	-0.6412
22.00	0.873	-0.6473
22.04	0.8709	-0.6528
22.09	0.8689	-0.6584
22.13	0.8668	-0.664
22.18	0.8647	-0.6696
22.22	0.8626	-0.6753
22.27	0.8605	-0.681
22.31	0.8584	-0.6868
22.36	0.8564	-0.6926
22.4	0.8543	-0.6985
22.44	0.8522	-0.7044
22.49	0.8501	-0.7104
22.53	0.848	-0.7164
22.58	0.8459	-0.7225
22.62	0.8438	-0.7286
22.67	0.8417	-0.7347
22.71	0.8396	-0.7409
22.76	0.8376	-0.7472
22.8	0.8355	-0.7535
22.84	0.8334	-0.7598
22.89	0.8313	-0.7662
22.93	0.8293	-0.7727
22.98	0.8272	-0.7792
23.02	0.8251	-0.7857
23.07	0.8231	-0.7923
23.11	0.8211	-0.799
23.16	0.819	-0.8057
23.2	0.817	-0.8125
23.25	0.815	-0.8193
23.29	0.8129	-0.8261
23.33	0.8109	-0.8331
23.38	0.8089	-0.84
23.42	0.807	-0.8471
23.47	0.805	-0.8541
23.51	0.803	-0.8613
23.56	0.8011	-0.8684
23.6	0.7991	-0.8757
23.65	0.7972	-0.883
23.69	0.7952	-0.8903
23.73	0.7933	-0.8977
23.78	0.7913	-0.9051
23.82	0.7894	-0.9126
23.87	0.7874	-0.9202
23.91	0.7855	-0.9278
23.96	0.7835	-0.9355
24.00	0.7816	-0.9432
24.05	0.7796	-0.951
24.09	0.7777	-0.9588
24.13	0.7757	-0.9667
24.18	0.7738	-0.9747
24.22	0.7718	-0.9827
24.27	0.7699	-0.9907
24.31	0.768	-0.9988
24.36	0.766	-1.007
24.4	0.7641	-1.0152
24.45	0.7622	-1.0235
24.49	0.7603	-1.0318
24.53	0.7584	-1.0403
24.58	0.7565	-1.0488
24.62	0.7546	-1.0573
24.67	0.7527	-1.0659
24.71	0.7508	-1.0746
24.76	0.749	-1.0833
24.8	0.7472	-1.0921
24.85	0.7453	-1.101
24.89	0.7435	-1.1099
24.93	0.7417	-1.1189
24.98	0.7399	-1.1279
25.02	0.7381	-1.137
25.07	0.7364	-1.1462
25.11	0.7346	-1.1554
25.16	0.7328	-1.1647
25.2	0.7311	-1.174
25.25	0.7293	-1.1834
25.29	0.7276	-1.1929
25.34	0.7258	-1.2024
25.38	0.7241	-1.212
25.42	0.7224	-1.2217
25.47	0.7206	-1.2314
25.51	0.7189	-1.2412
25.56	0.7172	-1.2511
25.6	0.7155	-1.261
25.65	0.7138	-1.271
25.69	0.7121	-1.281
25.74	0.7105	-1.2911
25.78	0.7088	-1.3012
25.82	0.7071	-1.3115
25.87	0.7055	-1.3217
25.91	0.7038	-1.3321
25.96	0.7021	-1.3426
26.00	0.7005	-1.3531
26.05	0.6988	-1.3637
26.09	0.6972	-1.3743
26.14	0.6955	-1.385
26.18	0.6939	-1.3958
26.22	0.6922	-1.4067
26.27	0.6906	-1.4176
26.31	0.689	-1.4286
26.36	0.6873	-1.4397
26.4	0.6857	-1.4509
26.45	0.6841	-1.4621
26.49	0.6825	-1.4734
26.54	0.6809	-1.4847
26.58	0.6793	-1.4961
26.63	0.6777	-1.5076
26.67	0.6761	-1.5192
26.71	0.6745	-1.5309
26.76	0.6729	-1.5426
26.8	0.6713	-1.5544
26.85	0.6697	-1.5662
26.89	0.6681	-1.5782
26.94	0.6665	-1.5902
26.98	0.6649	-1.6023
27.03	0.6633	-1.6144
27.07	0.6617	-1.6266
27.11	0.66	-1.6389
27.16	0.6584	-1.6513
27.2	0.6568	-1.6637
27.25	0.6552	-1.6763
27.29	0.6535	-1.6889
27.34	0.6519	-1.7015
27.38	0.6503	-1.7144
27.43	0.6487	-1.7272
27.47	0.6471	-1.7402
27.51	0.6454	-1.7533
27.56	0.6438	-1.7664
27.6	0.6422	-1.7796
27.65	0.6406	-1.7929
27.69	0.639	-1.8063
27.74	0.6374	-1.8198
27.78	0.6358	-1.8333
27.83	0.6342	-1.847
27.87	0.6326	-1.8607
27.91	0.6309	-1.8746
27.96	0.6293	-1.8885
28.00	0.6277	-1.9025
28.05	0.6261	-1.9166
28.09	0.6245	-1.9307
28.14	0.6229	-1.945
28.18	0.6212	-1.9594
28.23	0.6196	-1.9738
28.27	0.618	-1.9884
28.31	0.6164	-2.0031
28.36	0.6148	-2.0178
28.4	0.6132	-2.0326
28.45	0.6116	-2.0475
28.49	0.61	-2.0625
28.54	0.6085	-2.0776
28.58	0.6069	-2.0928
28.63	0.6054	-2.108
28.67	0.6039	-2.1234
28.71	0.6024	-2.1389
28.76	0.6009	-2.1544
28.8	0.5993	-2.1701
28.85	0.5979	-2.1859
28.89	0.5964	-2.2018
28.94	0.5949	-2.2178
28.98	0.5934	-2.2339
29.03	0.592	-2.2501
29.07	0.5906	-2.2663
29.11	0.5891	-2.2827
29.16	0.5877	-2.2992
29.2	0.5863	-2.3158
29.25	0.5849	-2.3324
29.29	0.5835	-2.3492
29.34	0.5821	-2.3661
29.38	0.5808	-2.383
29.43	0.5794	-2.4001
29.47	0.5781	-2.4172
29.52	0.5767	-2.4345
29.56	0.5754	-2.4518
29.6	0.5741	-2.4693
29.65	0.5728	-2.4868
29.69	0.5715	-2.5045
29.74	0.5703	-2.5222
29.78	0.569	-2.5401
29.83	0.5678	-2.558
29.87	0.5665	-2.576
29.92	0.5653	-2.594
29.96	0.5641	-2.6122
30.00	0.563	-2.6305
30.05	0.5618	-2.6488
30.09	0.5606	-2.6673
30.14	0.5595	-2.6858
30.18	0.5584	-2.7045
30.23	0.5572	-2.7233
30.27	0.5561	-2.7421
30.32	0.5551	-2.7611
30.36	0.554	-2.7802
30.4	0.553	-2.7993
30.45	0.5519	-2.8186
30.49	0.5509	-2.8379
30.54	0.5499	-2.8573
30.58	0.5489	-2.8768
30.63	0.548	-2.8964
30.67	0.547	-2.9161
30.72	0.5461	-2.9359
30.76	0.5452	-2.9557
30.81	0.5443	-2.9757
30.85	0.5434	-2.9957
30.89	0.5426	-3.0158
30.94	0.5417	-3.0359
30.98	0.5409	-3.0562
31.03	0.5401	-3.0765
31.07	0.5393	-3.097
31.12	0.5386	-3.1175
31.16	0.5378	-3.138
31.21	0.537	3.1245
31.25	0.5363	3.1038
31.29	0.5356	3.0831
31.34	0.5348	3.0622
31.38	0.5341	3.0414
31.43	0.5334	3.0204
31.47	0.5327	2.9994
31.52	0.532	2.9783
31.56	0.5313	2.9571
31.6	0.5306	2.9358
31.65	0.5299	2.9144
31.69	0.5293	2.893
31.74	0.5286	2.8714
31.78	0.5279	2.8498
31.83	0.5273	2.8282
31.87	0.5267	2.8064
31.92	0.526	2.7846
31.96	0.5254	2.7627
32.01	0.5248	2.7406
32.05	0.5242	2.7184
32.1	0.5236	2.6961
32.14	0.523	2.6737
32.19	0.5224	2.6513
32.23	0.5218	2.6288
32.28	0.5212	2.6062
32.32	0.5206	2.5836
32.36	0.5201	2.5615
32.41	0.5196	2.5393
32.45	0.519	2.5171
32.49	0.5185	2.4948
32.54	0.518	2.4724
32.58	0.5175	2.4499
32.63	0.5169	2.4274
32.67	0.5164	2.4049
32.72	0.5159	2.3816
32.76	0.5153	2.3583
32.81	0.5148	2.3348
32.85	0.5142	2.3114
32.89	0.5136	2.2878
32.94	0.5131	2.2642
32.98	0.5125	2.2405
33.03	0.5119	2.2167
33.07	0.5114	2.1936
33.12	0.5108	2.1703
33.16	0.5102	2.147
33.2	0.5097	2.1237
33.25	0.5091	2.1002
33.29	0.5085	2.0767
33.34	0.5079	2.0531
33.38	0.5073	2.0294
33.43	0.5066	2.005
33.47	0.506	1.9805
33.52	0.5053	1.9559
33.56	0.5046	1.9313
33.6	0.504	1.9065
33.65	0.5033	1.8817
33.69	0.5025	1.8567
33.74	0.5018	1.8317
33.78	0.5011	1.8066
33.83	0.5004	1.7814
33.88	0.4996	1.7561
33.92	0.4989	1.7308
33.97	0.4981	1.7053
34.01	0.4973	1.6797
34.06	0.4966	1.654
34.1	0.4958	1.6282
34.15	0.4949	1.5995
34.2	0.494	1.5706
34.25	0.493	1.5416
34.3	0.4921	1.5124
34.35	0.4912	1.4831
34.4	0.4902	1.4537
34.45	0.4893	1.4242
34.49	0.4884	1.3975
34.54	0.4875	1.3706
34.59	0.4867	1.3437
34.63	0.4858	1.3166
34.68	0.4849	1.2894
34.72	0.4841	1.2622
34.77	0.4832	1.2347
34.81	0.4823	1.2072
34.86	0.4814	1.1765
34.91	0.4804	1.1456
34.96	0.4794	1.1146
35.01	0.4785	1.0835
35.06	0.4775	1.0521
35.11	0.4765	1.0207
35.16	0.4756	0.9891
35.2	0.4747	0.9605
35.25	0.4738	0.9318
35.3	0.473	0.903
35.34	0.4721	0.874
35.39	0.4713	0.8449
35.43	0.4704	0.8157
35.48	0.4696	0.7864
35.52	0.4688	0.757
35.57	0.468	0.7242
35.62	0.4671	0.6912
35.67	0.4663	0.658
35.72	0.4655	0.6248
35.77	0.4647	0.5914
35.82	0.4639	0.5578
35.87	0.4632	0.5242
35.91	0.4626	0.4938
35.96	0.4619	0.4632
36.01	0.4613	0.4326
36.05	0.4607	0.4019
36.09	0.4602	0.3711
36.14	0.4596	0.3402
36.18	0.4591	0.3092
36.23	0.4586	0.2782
36.27	0.4581	0.247
36.32	0.4576	0.2158
36.36	0.4572	0.1844
36.41	0.4568	0.153
36.45	0.4563	0.1216
36.5	0.4559	0.09
36.55	0.4556	0.0584
36.59	0.4552	0.0267
36.64	0.4548	-0.0086
36.69	0.4544	-0.044
36.74	0.4541	-0.0795
36.79	0.4537	-0.115
36.84	0.4534	-0.1506
36.89	0.4531	-0.1863
36.94	0.4528	-0.2221
36.98	0.4525	-0.2543
37.03	0.4522	-0.2866
37.07	0.452	-0.319
37.12	0.4517	-0.3514
37.16	0.4515	-0.3838
37.21	0.4513	-0.4164
37.26	0.451	-0.4489
37.3	0.4508	-0.4816
37.35	0.4505	-0.5179
37.4	0.4502	-0.5543
37.45	0.45	-0.5907
37.5	0.4497	-0.6272
37.55	0.4494	-0.6638
37.6	0.4491	-0.7004
37.65	0.4488	-0.7372
37.69	0.4485	-0.7703
37.74	0.4482	-0.8035
37.78	0.4479	-0.8367
37.83	0.4476	-0.87
37.88	0.4473	-0.9034
37.92	0.4469	-0.9368
37.97	0.4466	-0.9703
38.01	0.4462	-1.0039
38.05	0.4458	-1.0366
38.1	0.4455	-1.0694
38.14	0.4451	-1.1023
38.19	0.4447	-1.1352
38.23	0.4442	-1.1682
38.27	0.4438	-1.2013
38.32	0.4434	-1.2345
38.36	0.4429	-1.2678
38.41	0.4424	-1.3021
38.45	0.4419	-1.3365
38.5	0.4414	-1.371
38.54	0.4409	-1.4056
38.58	0.4403	-1.4403
38.63	0.4398	-1.4751
38.67	0.4392	-1.51
38.72	0.4386	-1.5451
38.76	0.438	-1.5802
38.81	0.4374	-1.6155
38.85	0.4368	-1.6508
38.9	0.4362	-1.6863
38.94	0.4356	-1.7219
38.99	0.435	-1.7576
39.03	0.4344	-1.7935
39.08	0.4338	-1.8294
39.12	0.4332	-1.8645
39.17	0.4326	-1.8997
39.21	0.432	-1.935
39.26	0.4314	-1.9704
39.3	0.4308	-2.006
39.34	0.4302	-2.0416
39.39	0.4296	-2.0774
39.43	0.429	-2.1133
39.48	0.4284	-2.1503
39.52	0.4279	-2.1875
39.57	0.4273	-2.2247
39.61	0.4268	-2.2621
39.66	0.4262	-2.2996
39.7	0.4257	-2.3372
39.75	0.4252	-2.3749
39.79	0.4247	-2.4127
39.84	0.4241	-2.4545
39.89	0.4236	-2.4965
39.94	0.423	-2.5386
39.99	0.4225	-2.5808
40.04	0.422	-2.6231
40.09	0.4215	-2.6655
40.14	0.4211	-2.7081
40.19	0.4206	-2.7508
40.24	0.4202	-2.7936
40.29	0.4198	-2.8365
40.34	0.4194	-2.8795
40.39	0.419	-2.9226
40.43	0.4186	-2.9658
40.48	0.4183	-3.0091
40.53	0.4179	-3.0525
40.58	0.4176	-3.096
40.63	0.4173	-3.1396
40.68	0.417	3.0999
40.73	0.4168	3.0562
40.78	0.4165	3.0124
40.83	0.4163	2.9685
40.88	0.416	2.9245
40.93	0.4158	2.8805
40.98	0.4156	2.8364
41.03	0.4154	2.7922
41.08	0.4152	2.7493
41.13	0.415	2.7064
41.17	0.4149	2.6634
41.22	0.4147	2.6204
41.27	0.4145	2.5773
41.32	0.4143	2.5341
41.37	0.4142	2.4909
41.41	0.414	2.4476
41.46	0.4139	2.4043
41.51	0.4137	2.3609
41.56	0.4135	2.3175
41.61	0.4134	2.274
41.66	0.4132	2.2304
41.7	0.413	2.1868
41.75	0.4128	2.1432
41.8	0.4127	2.0994
41.85	0.4125	2.0557
41.9	0.4123	2.0118
41.94	0.4121	1.9679
41.99	0.4119	1.9239
42.04	0.4116	1.8799
42.09	0.4114	1.8358
42.14	0.4112	1.7916
42.18	0.4109	1.7473
42.23	0.4107	1.703
42.28	0.4104	1.6586
42.33	0.4101	1.6127
42.38	0.4098	1.5667
42.43	0.4095	1.5206
42.48	0.4092	1.4745
42.53	0.4089	1.4282
42.58	0.4085	1.3819
42.63	0.4082	1.3354
42.68	0.4078	1.2888
42.73	0.4075	1.2422
42.78	0.4071	1.1954
42.83	0.4067	1.1485
42.88	0.4063	1.1015
42.92	0.4059	1.0544
42.97	0.4055	1.0072
43.02	0.4051	0.9599
43.07	0.4047	0.9124
43.12	0.4043	0.8648
43.17	0.4039	0.8172
43.22	0.4035	0.7693
43.27	0.4031	0.7214
43.32	0.4027	0.6734
43.37	0.4022	0.6252
43.42	0.4018	0.5769
43.47	0.4014	0.5285
43.52	0.401	0.4799
43.57	0.4007	0.4313
43.62	0.4003	0.3825
43.67	0.3999	0.3336
43.72	0.3996	0.2846
43.77	0.3992	0.2356
43.82	0.3989	0.1863
43.87	0.3986	0.137
43.92	0.3983	0.0876
43.97	0.398	0.0381
44.02	0.3977	-0.0115
44.07	0.3974	-0.0611
44.12	0.3972	-0.1109
44.16	0.3969	-0.1608
44.21	0.3967	-0.2107
44.26	0.3965	-0.2607
44.31	0.3963	-0.3108
44.36	0.3961	-0.3609
44.41	0.396	-0.4112
44.46	0.3958	-0.4614
44.51	0.3957	-0.5118
44.56	0.3956	-0.5622
44.61	0.3954	-0.6126
44.66	0.3953	-0.6631
44.71	0.3952	-0.7137
44.76	0.3951	-0.7643
44.81	0.395	-0.8134
44.86	0.3949	-0.8625
44.9	0.3948	-0.9117
44.95	0.3947	-0.961
45.00	0.3946	-1.0102
45.05	0.3945	-1.0596
45.1	0.3944	-1.1089
45.14	0.3943	-1.1583
45.19	0.3942	-1.2078
45.24	0.3941	-1.2573
45.29	0.394	-1.3069
45.34	0.3939	-1.3565
45.39	0.3937	-1.4062
45.43	0.3936	-1.4559
45.48	0.3934	-1.5056
45.53	0.3933	-1.5555
45.58	0.3931	-1.6054
45.63	0.393	-1.6553
45.67	0.3928	-1.7054
45.72	0.3926	-1.7554
45.77	0.3924	-1.8056
45.82	0.3922	-1.8558
45.87	0.392	-1.9061
45.91	0.3918	-1.9565
45.96	0.3916	-2.007
46.01	0.3913	-2.0575
46.06	0.3911	-2.1097
46.11	0.3908	-2.162
46.16	0.3906	-2.2144
46.21	0.3903	-2.2669
46.26	0.3901	-2.3195
46.31	0.3898	-2.3722
46.36	0.3895	-2.425
46.41	0.3893	-2.4778
46.46	0.389	-2.5308
46.51	0.3887	-2.5839
46.56	0.3885	-2.637
46.61	0.3882	-2.6903
46.65	0.3879	-2.7436
46.7	0.3877	-2.797
46.75	0.3875	-2.8505
46.8	0.3872	-2.9041
46.85	0.387	-2.9578
46.9	0.3868	-3.0116
46.95	0.3866	-3.0655
47.00	0.3864	-3.1194
47.05	0.3862	3.1098
47.1	0.386	3.0557
47.15	0.3859	3.0015
47.2	0.3857	2.9473
47.25	0.3856	2.893
47.3	0.3855	2.8404
47.35	0.3853	2.7876
47.39	0.3852	2.7349
47.44	0.3851	2.682
47.49	0.385	2.6292
47.54	0.385	2.5763
47.59	0.3849	2.5233
47.63	0.3848	2.4703
47.68	0.3848	2.4173
47.73	0.3847	2.3642
47.78	0.3846	2.3111
47.83	0.3846	2.2579
47.88	0.3845	2.2047
47.92	0.3845	2.1515
47.97	0.3844	2.0982
48.02	0.3844	2.0449
48.07	0.3843	1.9916
48.12	0.3842	1.9382
48.16	0.3842	1.8848
48.21	0.3841	1.8314
48.26	0.384	1.7779
48.31	0.3839	1.7244
48.36	0.3838	1.6708
48.4	0.3837	1.6171
48.45	0.3836	1.5635
48.5	0.3835	1.5097
48.55	0.3834	1.4542
48.6	0.3832	1.3987
48.65	0.3831	1.343
48.7	0.3829	1.2873
48.75	0.3827	1.2316
48.8	0.3825	1.1757
48.85	0.3823	1.1198
48.9	0.3821	1.0638
48.95	0.3819	1.0077
49.00	0.3817	0.9515
49.05	0.3815	0.8953
49.1	0.3813	0.8389
49.14	0.381	0.7825
49.19	0.3808	0.726
49.24	0.3806	0.6693
49.29	0.3803	0.6126
49.34	0.3801	0.5558
49.39	0.3799	0.4989
49.44	0.3796	0.4419
49.49	0.3794	0.3849
49.54	0.3792	0.3277
49.59	0.379	0.2705
49.64	0.3788	0.2131
49.69	0.3786	0.1557
49.74	0.3784	0.0982
49.79	0.3783	0.0424
49.84	0.3781	-0.0134
49.88	0.378	-0.0694
49.93	0.3778	-0.1254
49.98	0.3777	-0.1814
50.03	0.3776	-0.2375
50.08	0.3775	-0.2937
50.12	0.3774	-0.3499
50.17	0.3773	-0.4062
50.22	0.3773	-0.4625
50.27	0.3772	-0.5188
50.32	0.3771	-0.5752
50.36	0.3771	-0.6316
50.41	0.3771	-0.6881
50.46	0.377	-0.7445
50.51	0.377	-0.801
50.56	0.377	-0.8576
50.61	0.377	-0.9142
50.65	0.3769	-0.9707
50.7	0.3769	-1.0274
50.75	0.3769	-1.084
50.8	0.3769	-1.1407
50.85	0.3768	-1.1974
50.89	0.3768	-1.2541
50.94	0.3767	-1.3109
50.99	0.3767	-1.3677
51.04	0.3766	-1.4264
51.09	0.3766	-1.4851
51.14	0.3765	-1.5438
51.19	0.3764	-1.6026
51.24	0.3763	-1.6614
51.29	0.3762	-1.7203
51.34	0.3761	-1.7792
51.39	0.376	-1.8382
51.44	0.3758	-1.8973
51.49	0.3757	-1.9565
51.54	0.3755	-2.0157
51.59	0.3754	-2.0749
51.63	0.3752	-2.1343
51.68	0.375	-2.1937
51.73	0.3749	-2.2532
51.78	0.3747	-2.3128
51.83	0.3745	-2.3724
51.88	0.3744	-2.4321
51.93	0.3742	-2.4919
51.98	0.374	-2.5518
52.03	0.3739	-2.6118
52.08	0.3737	-2.6718
52.13	0.3735	-2.7319
52.18	0.3734	-2.7921
52.23	0.3733	-2.8523
52.28	0.3731	-2.9126
52.33	0.373	-2.973
52.38	0.3729	-3.0334
52.43	0.3728	-3.0939