   1.00000000e-02	  -1.51311030e-01	  -1.51311030e-01	  -1.38073222e-03
   2.00000000e-02	  -2.83680863e-01	  -2.83680863e-01	  -4.78916247e-03
   3.00000000e-02	  -3.95757587e-01	  -3.95757587e-01	  -9.39031037e-03
   4.00000000e-02	  -4.87368754e-01	  -4.87368754e-01	  -1.46211209e-02
   5.00000000e-02	  -5.59280300e-01	  -5.59280300e-01	  -2.01114168e-02
   6.00000000e-02	  -6.12975381e-01	  -6.12975381e-01	  -2.56268102e-02
   7.00000000e-02	  -6.50484347e-01	  -6.50484347e-01	  -3.10276418e-02
   8.00000000e-02	  -6.74240212e-01	  -6.74240212e-01	  -3.62390706e-02
   9.00000000e-02	  -6.86920492e-01	  -6.86920492e-01	  -4.12294359e-02
   1.00000000e-01	  -6.91259072e-01	  -6.91259072e-01	  -4.59949932e-02
   1.10000000e-01	  -6.89842395e-01	  -6.89842395e-01	  -5.05488772e-02
   1.20000000e-01	  -6.84933071e-01	  -6.84933071e-01	  -5.49135323e-02
   1.30000000e-01	  -6.78346905e-01	  -6.78346905e-01	  -5.91152741e-02
   1.40000000e-01	  -6.71417396e-01	  -6.71417396e-01	  -6.31810363e-02
   1.50000000e-01	  -6.65030654e-01	  -6.65030654e-01	  -6.71363372e-02
   1.60000000e-01	  -6.59701217e-01	  -6.59701217e-01	  -7.10040974e-02
   1.70000000e-01	  -6.55663219e-01	  -6.55663219e-01	  -7.48040936e-02
   1.80000000e-01	  -6.52957282e-01	  -6.52957282e-01	  -7.85527818e-02
   1.90000000e-01	  -6.51506541e-01	  -6.51506541e-01	  -8.22635777e-02
   2.00000000e-01	  -6.51171585e-01	  -6.51171585e-01	  -8.59471530e-02
   2.10000000e-01	  -6.51786624e-01	  -6.51786624e-01	  -8.96117941e-02
   2.20000000e-01	  -6.53182812e-01	  -6.53182812e-01	  -9.32637613e-02
   2.30000000e-01	  -6.55202750e-01	  -6.55202750e-01	  -9.69076675e-02
   2.40000000e-01	  -6.57708208e-01	  -6.57708208e-01	  -1.00546831e-01
   2.50000000e-01	  -6.60583072e-01	  -6.60583072e-01	  -1.04183569e-01
   2.60000000e-01	  -6.63732345e-01	  -6.63732345e-01	  -1.07819440e-01
   2.80000000e-01	  -6.70566308e-01	  -6.70566308e-01	  -1.15092119e-01
   2.90000000e-01	  -6.74146201e-01	  -6.74146201e-01	  -1.18729798e-01
   3.00000000e-01	  -6.77786323e-01	  -6.77786323e-01	  -1.22368575e-01
   3.10000000e-01	  -6.81462941e-01	  -6.81462941e-01	  -1.26008435e-01
   3.30000000e-01	  -6.88864669e-01	  -6.88864669e-01	  -1.33291082e-01
   3.40000000e-01	  -6.92570744e-01	  -6.92570744e-01	  -1.36933628e-01
   3.60000000e-01	  -6.99968573e-01	  -6.99968573e-01	  -1.44220498e-01
   3.70000000e-01	  -7.03656558e-01	  -7.03656558e-01	  -1.47864577e-01
   3.90000000e-01	  -7.11010524e-01	  -7.11010524e-01	  -1.55153548e-01
   4.10000000e-01	  -7.18340491e-01	  -7.18340491e-01	  -1.62443200e-01
   4.30000000e-01	  -7.25655357e-01	  -7.25655357e-01	  -1.69733208e-01
   4.60000000e-01	  -7.36608019e-01	  -7.36608019e-01	  -1.80668443e-01
   4.90000000e-01	  -7.47545222e-01	  -7.47545222e-01	  -1.91603607e-01
   5.10000000e-01	  -7.54832000e-01	  -7.54832000e-01	  -1.98893604e-01
   5.40000000e-01	  -7.65762133e-01	  -7.65762133e-01	  -2.09828502e-01
   5.70000000e-01	  -7.76696561e-01	  -7.76696561e-01	  -2.20763462e-01
   6.00000000e-01	  -7.87633319e-01	  -7.87633319e-01	  -2.31698532e-01
   6.30000000e-01	  -7.98570468e-01	  -7.98570468e-01	  -2.42633666e-01
   6.70000000e-01	  -8.13149650e-01	  -8.13149650e-01	  -2.57213752e-01
   7.10000000e-01	  -8.27727079e-01	  -8.27727079e-01	  -2.71793661e-01
   7.50000000e-01	  -8.42306331e-01	  -8.42306331e-01	  -2.86373551e-01
   7.90000000e-01	  -8.56887633e-01	  -8.56887633e-01	  -3.00953566e-01
   8.30000000e-01	  -8.71468916e-01	  -8.71468916e-01	  -3.15533681e-01
   9.00000000e-01	  -8.96985914e-01	  -8.96985914e-01	  -3.41049031e-01
   9.80000000e-01	  -9.26145199e-01	  -9.26145199e-01	  -3.70209327e-01
   1.06000000e+00	  -9.55303682e-01	  -9.55303682e-01	  -3.99369371e-01
   1.14000000e+00	  -9.84463714e-01	  -9.84463714e-01	  -4.28529340e-01
   1.22000000e+00	  -1.01362420e+00	  -1.01362420e+00	  -4.57689413e-01
   1.37000000e+00	  -1.06830052e+00	  -1.06830052e+00	  -5.12364626e-01
   1.53000000e+00	  -1.12662427e+00	  -1.12662427e+00	  -5.70685896e-01
   1.69000000e+00	  -1.18494270e+00	  -1.18494270e+00	  -6.29006904e-01
   1.85000000e+00	  -1.24326485e+00	  -1.24326485e+00	  -6.87327695e-01
   2.00000000e+00	  -1.29794051e+00	  -1.29794051e+00	  -7.42003267e-01
   2.20000000e+00	  -1.37084080e+00	  -1.37084080e+00	  -8.14903642e-01
   2.40000000e+00	  -1.44374757e+00	  -1.44374757e+00	  -8.87806072e-01
   2.60000000e+00	  -1.51664256e+00	  -1.51664256e+00	  -9.60707419e-01
   2.79000000e+00	  -1.58589474e+00	  -1.58589474e+00	  -1.02996247e+00
   2.99000000e+00	  -1.65879661e+00	  -1.65879661e+00	  -1.10286229e+00
   3.19000000e+00	  -1.73169768e+00	  -1.73169768e+00	  -1.17576241e+00
   3.39000000e+00	  -1.80459717e+00	  -1.80459717e+00	  -1.24866267e+00
   3.58000000e+00	  -1.87385217e+00	  -1.87385217e+00	  -1.31791791e+00
   3.78000000e+00	  -1.94675281e+00	  -1.94675281e+00	  -1.39081816e+00
   3.98000000e+00	  -2.01965318e+00	  -2.01965318e+00	  -1.46371841e+00
   4.24000000e+00	  -2.11442297e+00	  -2.11442297e+00	  -1.55848868e+00
   4.50000000e+00	  -2.20919303e+00	  -2.20919303e+00	  -1.65325889e+00
   4.76000000e+00	  -2.30396421e+00	  -2.30396421e+00	  -1.74802920e+00
   5.02000000e+00	  -2.39873518e+00	  -2.39873518e+00	  -1.84279969e+00
   5.28000000e+00	  -2.49350419e+00	  -2.49350419e+00	  -1.93757007e+00
   5.54000000e+00	  -2.58827445e+00	  -2.58827445e+00	  -2.03234029e+00
   5.81000000e+00	  -2.68669063e+00	  -2.68669063e+00	  -2.13075558e+00
   6.08000000e+00	  -2.78510547e+00	  -2.78510547e+00	  -2.22917092e+00
   6.35000000e+00	  -2.88352027e+00	  -2.88352027e+00	  -2.32758619e+00
   6.61000000e+00	  -2.97829128e+00	  -2.97829128e+00	  -2.42235648e+00
   6.88000000e+00	  -3.07670716e+00	  -3.07670716e+00	  -2.52077191e+00
   7.15000000e+00	  -3.17512141e+00	  -3.17512141e+00	  -2.61918725e+00
   7.46000000e+00	  -3.28811674e+00	  -3.28811674e+00	  -2.73218253e+00
   7.76000000e+00	  -3.39746813e+00	  -3.39746813e+00	  -2.84153288e+00
   8.07000000e+00	  -3.51046265e+00	  -3.51046265e+00	  -2.95452827e+00
   8.38000000e+00	  -3.62345715e+00	  -3.62345715e+00	  -3.06752350e+00
   8.68000000e+00	  -3.73280952e+00	  -3.73280952e+00	  -3.17687388e+00
   8.99000000e+00	  -3.84580346e+00	  -3.84580346e+00	  -3.28986928e+00
   9.30000000e+00	  -3.95879825e+00	  -3.95879825e+00	  -3.40286451e+00
   9.62000000e+00	  -4.07544028e+00	  -4.07544028e+00	  -3.51950486e+00
   9.94000000e+00	  -4.19208005e+00	  -4.19208005e+00	  -3.63614531e+00
   1.00000000e+01	  -4.21394954e+00	  -4.21394954e+00	  -3.65801536e+00
